1053	494
0.0	0.0
5.0	0.0
5.0	5.0
0.0	5.0
2.5	2.5
2.5	0.0
5.0	2.5
2.5	5.0
0.0	2.5
3.75	3.75
1.25	1.25
1.25	3.75
3.75	2.5
5.0	3.75
3.75	5.0
3.125	4.375
4.375	4.375
3.75	4.375
3.125	5.0
2.8125	4.6875
3.125	4.6875
3.4375	4.53125
3.4375	4.140625
3.7109375	4.6875
3.4375	5.0
4.375	5.0
4.0625	4.57275390625
2.865767781188621	3.7038362082514946
3.740234375	4.0625
4.204397490530303	3.920602509469697
4.038964754074839	4.209567263544536
4.353933334350586	4.6875
5.0	4.375
4.6875	5.0
4.6875	4.553026752691949
3.0900353621669536	4.002859649555939
4.6875	4.189739289661428
5.0	4.6875
2.667748558632807	4.230248558632807
3.3144615559908503	3.60092794066892
4.422021151806129	4.098121106658734
4.571598471561232	3.6925972896819643
5.0	4.0625
4.75640260948486	3.9115942446291454
2.806417542454746	3.9819609508209974
2.296937616103157	3.860282900524626
2.5832457260851704	3.7889424810588133
2.313624787806311	3.317067394582571
2.6342664943682568	3.4468243107197045
2.643662311918638	2.9625597837816726
3.0172386190558242	3.334632776700365
3.340215267062946	3.878930179416697
2.7720094498692625	3.207273419446009
3.097336875473041	2.880631549220115
3.429661919554109	3.1733291702144877
2.8125	5.0
2.8588040062125732	4.421304006212574
2.5792507940944853	4.509801770750895
2.2699815735669095	4.258112439438941
1.25	5.0
1.7505108168612022	4.023086249075459
1.875	5.0
2.054106114220045	4.043657189513274
1.8747507894615048	4.440080439736681
1.9298661416197425	3.6266629988520522
4.138708838174682	3.4051212934814497
5.0	3.125
2.1729049915132084	2.8551788063200543
2.822094257453007	2.6535529104084126
2.9332540787912804	2.00579219172483
3.2577588667101023	2.405833158187711
2.786323135774844	2.3139961382464223
2.3134280332149477	1.8994261363284868
2.608340688294938	2.0400206842161084
2.710119708847237	1.4469246293093585
2.7428720980165346	1.757826133796112
3.2776385036066147	1.544314430839419
3.0403659789072797	1.7264861910110056
3.4225380394632268	1.9786467291964192
3.087110867260044	2.6126760491540577
3.4439185176659994	2.7332320469161355
3.8640417764542248	2.967121084747507
3.7050415376843566	2.758457526640328
4.0234899026982776	2.6807123371360673
5.0	1.25
4.280248404694621	3.0112416965414015
4.20709807262864	2.1055340177601893
4.034178952831534	2.3672296717341297
3.752526505610674	2.1348970469193023
4.508932389518704	2.492952538135823
4.054821048423405	3.1526057149682427
3.774364962163797	3.3859674777401856
4.509739524577511	3.3160794374382188
3.53008757285699	2.315917991888709
3.7981291889239204	1.612007650604148
4.316868404553203	2.7178039536145806
5.0	2.8125
4.63877385821419	2.9069805189591436
3.5733441053947703	3.5553446486862605
3.683534188080564	3.147496925999771
3.678339681782904	1.8649937327965014
3.9988399037828395	1.8618979962116413
4.341471192764232	1.3811480953063406
4.364582084088695	1.7600911753687711
4.102357365268842	1.5732031630304653
3.75	0.0
3.881453625482718	1.053292776491002
4.06522632074936	1.2820948230866773
4.37894288293217	0.8419155077938234
5.0	1.875
4.628081453674611	2.088837090513294
5.0	1.5625
4.700157212599647	1.71875
4.727944290288736	1.40625
5.0	0.625
4.6961111990024715	1.0358528154531979
4.4290345012827625	1.1163146752943458
4.679898124486367	0.7060481108304891
4.375	0.0
5.0	0.3125
4.370061051589201	0.42099011683362914
4.75	0.0
5.0	0.9375
4.676172551535783	0.31531195877137375
3.1742846445173463	3.1282736214166276
2.1875	5.0
2.03125	4.719970620228764
1.702454619549877	4.720116961381372
2.34375	4.7292094116000305
1.5625	5.0
1.4148022955720199	4.350113060141783
2.2137120569336375	3.5858622123023705
1.5945417410213722	3.713735707453855
1.3579842839263774	3.1210903943874273
1.6758744412118622	3.3377371116222494
1.3688574956620863	3.446682630472355
0.0	3.75
0.7862356751752493	3.303161717283473
1.0977867500428458	3.292757412671494
0.9519398044468357	3.595265687236063
0.9235672507301163	2.745665455712166
0.8339772077508788	4.186933087075722
0.475908575573066	3.6722555563925905
1.0878311309405941	2.9946419741146717
0.97868299444102	3.9081905489268713
1.44706587370599	2.5789591701863115
1.2554873764414565	4.071178493448407
0.6652627512941627	3.9224146455243543
1.4943628626083214	3.9582378240437395
0.0	4.375
0.0	4.0625
0.4142019702551474	4.268609298504486
1.9943121802256742	3.3139055097593304
1.80903608483563	2.97764479519984
1.870424885723125	2.5582485656984626
4.2894207202699075	3.647841837379111
2.4394110420350534	2.7724070723719407
2.377156261396793	3.045331517729786
3.1856876740704054	2.1326595879930283
4.752349191844735	2.643989172677518
4.731743215374275	3.161202973556043
5.0	3.4375
4.731025901043891	3.473064208831664
4.423577830436117	2.2481640410211976
5.0	2.1875
4.75662058675674	2.3463580916890434
3.999233761652458	0.6393712438984491
4.0625	0.0
3.90625	0.30735469315047537
4.166983259278384	0.24650996357477212
3.3641681285622544	0.6381975268382397
3.6818664696012644	0.5492236887750395
3.601158313757042	0.8727282524294131
3.125	0.0
3.549104833033664	1.2613696621025599
3.4375	0.0
3.2212206171715465	1.0196471707371613
3.59375	0.2594544953644434
3.28125	0.2708737469886226
2.8125	0.36076382720815214
3.544342616299608	1.5284997946890988
3.0838173332134273	0.5084620537581033
2.7030509038989345	0.8848687497855728
1.668351948705861	4.274570036608975
1.3672546063120596	4.683894882746467
0.625	5.0
1.0675271120755079	4.470920751526471
0.6861170156057865	4.54656141674825
0.9375	5.0
0.0	4.6875
0.25	5.0
0.9176484480352236	4.7146038312259435
0.34188813428995174	4.611333097660889
0.0	3.125
0.3110925195431241	3.956570878227281
1.5265979254663213	2.8704121090717516
1.626824842859009	1.9160952965894746
2.1861412463706267	2.539163183693366
2.00543078064747	2.17067621949426
2.3264147066773413	2.2246585429698893
1.6643176512349094	2.2691537674160633
1.9679379722715695	1.8176177486676708
1.157043482174917	2.144503411531624
1.6765538109073037	1.4483257967403573
2.240817500958636	1.4356377507890214
1.433201734999246	2.1151769704174224
1.2545435489893033	1.7477194230252897
0.0	1.25
1.5149633801100393	1.6676750965326472
0.0	1.875
0.62650118079423	1.8037643393141995
0.9501193007068937	1.8832856638328856
0.6839617304852326	2.306689519920402
0.881749649165449	1.4632661733912762
4.10736148844361	0.8938564250277932
3.804267633617328	1.3439001159893802
2.8125	0.0
1.25	0.0
0.3791165505851617	3.275869168204271
0.0	3.4375
0.3439365738153512	2.8125
0.2573186516827088	3.5156213406477166
0.24831744918465318	3.0527796617190908
0.0	2.8125
0.5419954403336276	3.0304830014849533
2.465317666316976	1.638068222113613
1.9605268458221177	1.5238633026400066
1.9486767352004741	0.9968643327016133
2.4820237722945255	1.1687209313019293
2.193542451674444	1.1504718873572677
2.2930538600256987	0.7198668795024071
1.1487901327302446	1.4998043680542608
0.43226339937501324	1.3922370506762873
0.35616354883263235	2.4535252406416292
0.0	2.1875
0.33506672112092395	2.03125
0.6283766526722598	2.621909145811029
0.2869552221115094	1.697033533887575
0.0	1.5625
1.5857141554431171	1.0858281409236246
1.1523597466698143	0.6249999999999999
1.65557735723525	0.5859566799899727
1.297797993295157	0.9224058916652719
0.8756040382000214	1.0280892640874228
1.7202498383220175	0.8498133093732713
1.9754728205709067	0.6474028982460491
1.875	0.0
2.1875	0.0
1.8701591580808985	0.33224908907533085
2.34375	0.34476121519573766
1.5625	0.0
1.4062499999999998	0.3251906774040931
2.58180852253471	0.24486443638893673
2.5712765880429886	0.5533668414440865
2.1094738271248032	0.24315022925585383
2.837073706553043	0.6396521948878606
0.6382210783034864	1.546629606516615
0.6811845791818326	1.274748128194474
0.0	0.625
0.3640509276672781	0.9252804380245772
1.0006195180678663	1.2439556323399272
0.2630628315181498	1.178493165172315
0.0	0.9375
0.625	0.0
0.6941360039060993	0.6069427141376434
0.9175586525007319	0.7603417225185625
0.6392017254318648	0.880283069285638
0.34603595955675304	0.5762988508966511
0.0	0.3125
0.5442963908812182	0.3166017866261608
0.9375	0.0
0.3125	0.0
1.09375	0.2752095564352729
0.8235734525381806	0.35630722933876646
0.2724653497022023	0.2724653497022023
4.0625	5.0
3.0264257782200827	1.3059605742823501
2.7740632498974263	1.1650480400831271
1.1268439046776626	2.478693827254007
1.2192281755984806	2.7451283728116023
3.3888576335314733	4.0097775897083485
3.263767681083477	4.071742324777969
3.2151253146149497	3.940894914486318
2.891619038461907	1.7421561624035589
2.98681002884928	1.8661391913679177
2.8380630884039073	1.881809162760471
1.4422911046963494	2.9957512517295894
1.288606229762429	2.933109383599515
1.372913050532401	2.807770240941677
1.901674132530652	3.145775152479585
1.9909705381744192	2.9164118007599473
2.0836085858694413	3.0845421580396923
3.5504388606230655	1.9218202309964603
3.715433093696789	1.9999453898579018
3.5875322725369503	2.0567718880578605
2.7707973835431092	2.022906437970469
2.6756063931557366	1.8989234090061102
3.4375	4.765625
3.57421875	4.609375
3.57421875	4.84375
4.151869153696449	2.8459770168387344
4.072145090574423	2.989181390644454
3.943765839576251	2.823916710941787
3.37206173777248	3.387128555441704
3.2443731002540983	3.364600781042774
3.3019732820357275	3.1508013958155576
4.21875	4.473876953125
4.05073237703742	4.391160584897268
4.20698237703742	4.292283631772268
1.9620747778856904	0.8221336154738312
2.1342633402983027	0.6836348888742281
2.1208652976130864	0.8583656061020102
1.6529819968825672	0.9678207251484479
1.8344632867612458	0.9233388210374422
1.7671954453217955	1.041346236812619
1.3634208897942317	3.2838865124298913
1.233322122852466	3.3697200215719243
1.2278855169846117	3.2069239035294608
0.36264724489913575	4.1125900883658835
0.4881776354186434	3.9394927618758175
0.539732360774655	4.09551197201442
3.4870030452614946	2.5245750194024223
3.350838692188051	2.569532602551923
3.393923219783546	2.36087557503821
3.5451076335314733	3.8144650897083485
3.7451171875	3.90625
3.5402248210314733	3.9707150897083485
5.0	3.90625
4.87820130474243	3.9870471223145727
4.87820130474243	3.8307971223145727
3.73046875	4.53125
3.90625	4.473876953125
3.88671875	4.630126953125
2.94822645231085	3.9924103001884683
2.8360926618216835	3.842898579536246
2.977901571677787	3.853347928903717
2.96875	4.84375
2.96875	4.6875
3.125	4.84375
4.0625	4.786376953125
3.88671875	4.84375
4.84375	4.84375
4.6875	4.776513376345974
4.84375	4.620263376345974
3.9723159327651514	3.9915512547348486
4.12168112230257	4.065084886507116
3.8895995645374195	4.136033631772268
3.59375	4.2578125
3.59375	4.453125
3.4375	4.3359375
3.28125	4.84375
3.28125	4.609375
2.2834595948350334	4.059197669981783
2.4823430873679824	4.045265729578716
2.468865066099858	4.244180499035874
2.65625	5.0
2.65625	4.84375
2.8125	4.84375
3.125	4.53125
3.28125	4.453125
2.9919020031062864	4.554402003106286
2.8356520031062864	4.554402003106286
3.28125	4.2578125
3.107517681083477	4.188929824777969
3.5888671875	4.1015625
3.8944823770374195	4.292283631772268
3.7451171875	4.21875
3.28125	5.0
4.364466667175293	4.53125
4.208216667175293	4.630126953125
3.73046875	4.84375
3.59375	5.0
4.53125	5.0
4.364466667175293	4.84375
4.520716667175293	4.84375
3.90625	5.0
2.9744196841897637	4.212081827884257
2.8326107743336597	4.201632478516785
2.6087561102267136	3.617883395889259
2.398478891509404	3.687402346680592
2.423989275650947	3.5163432615110377
3.9771987452651514	3.8353012547348486
3.914593005293601	3.269286596354214
4.096764943299044	3.278863504224846
3.9565369001692394	3.3955443856108176
4.589211880645495	4.00485767564394
4.496809811683681	3.8953591981703495
4.6640005405230465	3.8020957671555546
4.313209321168216	4.009361808064216
4.230492952940484	4.153844185101635
4.6875	4.371383021176689
4.53125	4.464013376345974
4.53125	4.282369644830714
4.208216667175293	4.84375
4.21875	5.0
5.0	4.84375
4.84375	5.0
4.84375	4.282369644830714
4.84375	4.464013376345974
4.520716667175293	4.620263376345974
2.9919020031062864	4.398152003106286
3.0901146685897354	3.652382074460207
3.202248459078902	3.8018937951124294
4.554760575903065	4.143930198160081
4.398510575903065	4.236560553329367
5.0	4.21875
4.84375	4.126119644830714
2.421875	4.864604705800016
2.578125	4.708354705800016
5.0	4.53125
2.440091671094164	3.82461269079172
2.625497142358989	4.00959551984581
2.750017137778439	3.5753302594855993
2.8257525567120405	3.3907285437100345
2.9415032001222228	3.51923449247593
3.6020134408589533	3.2796483239773364
3.6738545337792834	3.470656063213223
3.5015030124744397	3.3643369094503743
4.387997981045768	3.8065998995758306
3.944354419087341	3.577560646740725
4.214064779222294	3.5264815654302804
4.019710360134954	3.6989209186895557
4.865871607687137	3.2993514867780216
4.865512950521945	3.455282104415832
4.731384558209083	3.3171335911938535
4.72195130474243	4.0506667671452865
4.785799235780615	3.7212986448409824
2.6234996763636462	4.370025164691851
2.76327628242269	4.325776282422691
2.7190274001535295	4.465552888481734
2.724506753636896	3.746389344655154
2.694831634269958	3.8854517159399053
2.7370830505437764	4.1061047547269025
2.2553248365183975	3.7230725564134985
2.175521865161601	3.95197004501895
1.9919861279198936	3.835160094182663
2.11340187886145	3.743472949688339
1.8350933107187681	3.32582131069079
1.9620891609227082	3.4702842543056915
1.8028702914158024	3.4822000552371506
2.275030626455001	2.95025516202492
2.306158016774131	2.8137929393459977
2.408283651715923	2.9088692950508634
2.574582855633028	3.1263024685878973
2.542817118837787	3.26217040701429
2.345390524601552	3.1811994561561785
2.7328782846858224	2.8080563470950426
2.959715566463024	2.7670922298142635
2.8704995936958397	2.9215956665008935
3.1658500875233373	3.4677803586846423
2.7031379721187596	3.3270488650828565
2.8946240344625433	3.270953098073187
2.9346731626711517	3.0439524843330616
3.1358107599951937	3.0044525853183712
2.9731470471933044	3.167773520431318
3.327338411526898	3.7399290600428086
3.44390283069281	3.5781362946775905
3.4567796862288582	3.7171374140514786
2.473945641087284	3.3819458526511377
2.70783588089395	3.0849166016138407
2.541536676976846	2.867483428076807
2.6307526497440303	2.712979991390177
3.0957616317865853	3.231453199058496
3.2706276965695205	2.806931798068125
3.092223871366542	2.7466537991870865
3.2655146924630216	2.6729540480350966
4.246909105400105	3.784222173424404
4.43050959591557	3.6702195635305377
2.96875	5.0
2.6958753970472427	4.598650885375447
1.5415771221389405	4.312341548375379
1.685403284127869	4.497343498995173
1.5586284575609484	4.535115010761578
2.4246161838306977	4.383957105094918
1.7887273097749385	4.860058480690686
1.8668523097749385	4.720043790805068
1.953125	4.859985310114382
2.1620438438934775	4.1508848144761075
1.9644284518407749	4.2418688146249774
1.7715513690836828	4.3573252381728285
1.861229031462953	4.159113613061125
2.07178909927669	3.6062626055772116
2.104012118579656	3.4498838610308504
1.7094313827835315	4.148828142842217
1.9023084655406235	4.033371719294367
2.072366181514207	4.349096439587811
2.109375	4.859985310114382
2.1875	4.724590015914398
2.265625	4.864604705800016
1.8401884792404724	3.8248746239637557
2.34375	5.0
1.9530003947307524	4.580025529982723
1.788602704505691	4.580098700559026
1.6725262789412874	3.8684109782646567
1.7622039413205575	3.6701993531529533
2.3127761442028403	2.6557851280326537
2.1795231189419173	2.69717099500671
3.5637263528732817	2.9403644864579532
3.574480027675178	2.745844786778232
3.6942878628824602	2.9529772263200496
4.167534726559014	3.0819237057548223
4.209478621434652	3.2081814950114254
1.3094287478310431	3.598341315236177
1.4816996183417293	3.580209168963105
1.4222708705106861	3.7318678537269276
4.324224181376096	3.360600365459834
4.3949939646360665	3.16366056698981
1.6352080911166174	3.525736409538052
2.8042086966139257	2.4837745243274174
2.661047128726503	2.5767764552042065
2.643161567887422	2.406998069123211
2.9546025623565253	2.633114479781235
2.859788607283062	2.159894164985626
2.6973319120348913	2.1770084112312653
3.4763128061601085	2.1472823605425644
3.3578876234636974	2.2242887899408688
3.304112856766816	2.0556531585947235
3.172434866985073	2.5092546036708843
2.9367170015174437	2.46333609370024
3.0220410012424734	2.3599146482170665
3.2314520091852534	1.8525664601037124
3.1130268264888423	1.929572889502017
2.46737769748614	2.1323396135929986
2.5563689212260927	2.2693273406081556
3.0594708764308427	2.069225889858929
2.986005404922625	2.2233278631197253
2.4697055210175267	2.6362035361859704
2.343070623185313	2.5195815918466833
2.4321652240343434	0.6366168604732468
2.3184019300128496	0.5323140473490724
2.4575132940214943	0.4490640283199121
2.4132073533386706	2.3623292714849446
2.6040948821667556	1.6979471779548625
2.536829177305957	1.8390444531648606
2.1406830027432586	1.8585219424980788
2.1043777366151026	1.6266277497283461
2.2771227670867917	1.6675319435587541
4.578489395785749	1.261282337647173
4.534707741526484	1.3936990476531703
4.385252847023498	1.2487313853003432
2.460884360754943	1.9697234102722976
2.389372849765962	1.7687471792210498
2.8682727435336597	1.3764426017958544
3.033395878563681	1.516223382646678
2.8752428438772584	1.586705410160182
3.75	0.2834045942574594
3.794058234800632	0.4282891909627574
3.637808234800632	0.40433909206974145
4.228878391633826	2.307696856377664
4.120638512730087	2.2363818447471595
4.315337951532379	2.1768490293906932
2.7264959034318856	1.6023753815527353
3.159002241256947	1.6354003109252124
3.3500882715349207	1.7614805800179192
3.838589792782872	1.8634458645040715
3.875683204696757	1.998397521565472
3.6413070392338316	2.2254075194040057
3.5969592588329995	2.616616023458068
3.7275207688421785	2.629228763320164
3.3091015810916726	2.9307528341663813
3.4367902186100543	2.9532806085653114
3.7845416570692905	2.8627893056939175
3.864265720191317	2.719584931888198
3.72894957512218	3.2667322018699783
3.8691776182519844	3.150051320484007
3.8867449513491388	2.5903561685680336
3.773787982267394	3.057309005373639
4.525829642055363	2.168500565767246
4.692351020215675	2.2175975911011685
4.5900992085964285	2.2972610663551203
4.298558404623912	2.864522825077991
4.477821131383696	2.812392236286862
4.459511131454406	2.9591111077502728
4.170179153625741	2.6992581453753237
4.181710993935767	1.8109945857902061
4.285840078358667	1.9328125965644802
4.10296898820574	1.9837160069859152
4.540668998069371	3.5043383635600915
4.399580122423709	3.481960637408665
3.892089476415767	2.433614835867065
4.028834427764906	2.5239710044350985
3.751263252805337	2.3174485234596514
3.893352729221104	2.251063359326716
3.640043786428495	2.4079589959443544
4.496331768881653	1.9244641329410326
4.417589763151625	2.0971855541367415
3.611341149041256	1.6967467637428002
3.4834403278814174	1.7535732619427589
3.979812289119657	2.1202155323397456
4.819386929107095	3.0159902594795716
4.865871607687137	3.1431014867780216
4.685258536794232	3.0340917462575936
4.271555671175119	2.4300911049349763
4.412900397035953	2.605378245875202
4.175523678692368	2.5425168126743554
3.7621824810818985	3.567983738870093
3.959431412438815	3.059863399857875
3.6616720526973854	3.65267232434313
3.5565980538173365	3.160413048107129
4.574256691395851	3.111529978198681
4.6203827128107005	3.3945718231349415
4.651312186302562	3.5828307492568143
3.221723270390254	2.2692463730903696
3.8405501156268613	0.5942974663367443
3.952741880826229	0.47336296852446225
4.050598634525841	1.7175505796210533
4.233469724678768	1.666647169199618
4.695561525029463	2.7754848458183305
4.5738531238664475	2.699966528547483
4.63064079068172	2.5684708554066704
4.819386929107095	2.8597402594795716
4.876174595922368	2.728244586338759
5.0	2.96875
3.4109905599531114	1.536407112764259
3.7382344353534123	1.7385006917003247
3.89848454635338	1.7369528234078948
3.9502432770963813	1.5926054068173068
3.2926943728669005	0.8289223487877004
3.4826632211596484	0.7554628896338265
3.411189465464294	0.9461877115832872
4.2471304110160615	1.1992047491905116
4.086293904596485	1.0879756240572354
4.268197994863186	1.0050855501610694
4.714050751444192	1.5625
4.863972145144368	1.484375
4.850078606299824	1.640625
4.876174595922368	2.571994586338759
4.754484889300738	2.4951736321832807
4.8783102933783695	2.4231790458445217
3.934746977183344	1.3129974695380286
4.083791843009101	1.4276489930585714
3.953312499443085	1.4585516395099227
4.221914279016538	1.477175629168403
4.3530266384264635	1.5706196353375559
3.674305124958468	1.4361999553392395
3.546723724666636	1.3949347283958293
3.676686233325496	1.30263488904597
4.203348756756796	1.331621459196509
5.0	0.15625
4.875	0.15625
4.875	0.0
3.801198411270624	1.477953883296764
3.9733399731160395	1.1676937997888397
3.9944075569631643	0.9735746007593976
4.189088322292314	0.7406433758461363
4.1846474066208295	0.5301806803660392
4.374501967260686	0.6314528123137263
4.863972145144368	1.328125
4.712027744645604	1.2210514077265988
4.848055599501236	1.1429264077265988
4.664119333137129	1.903793545256647
4.53236964834417	1.7394205876843856
5.0	1.71875
4.850078606299824	1.796875
4.8783102933783695	2.2669290458445217
5.0	2.34375
4.814040726837305	1.981918545256647
5.0	1.40625
4.52081420268194	1.5499490476531703
4.562572850142617	1.0760837453737717
4.688004661744419	0.8709504631418434
4.537527040967321	0.9388841616235106
4.529420503709268	0.7739818093121562
5.0	0.78125
4.839949062243184	0.8217740554152446
4.839949062243184	0.6655240554152446
5.0	1.09375
4.848055599501236	0.9866764077265989
4.4039886921074665	0.9791150915440846
4.713086275767891	0.15765597938568687
4.525586275767891	0.15765597938568687
4.5625	0.0
4.678035338011075	0.5106800348009315
4.838086275767891	0.4701559793856869
4.24315218568789	0.8678859664108083
4.0532976250480335	0.7666138344631211
4.524979588037784	0.5635191138320591
4.523116801562492	0.36815103780250147
4.3725305257946	0.21049505841681457
4.268522155433793	0.3337500402042006
4.270991629639192	0.12325498178738606
4.838086275767891	0.3139059793856869
5.0	0.46875
2.1506157867834546	4.489041529833853
2.03125	5.0
2.3068657867834546	4.493660925519485
2.4615003970472427	4.6195055911754626
1.3086273031560298	4.841947441373233
1.4648773031560298	4.841947441373233
1.40625	5.0
1.4545825790901707	4.154175442092761
1.3351448360067382	4.210645776795095
1.3749251195248888	4.014708158746073
1.5348546129309684	4.702005922063919
1.3910284509420396	4.517003971444124
1.71875	5.0
1.6324773097749385	4.860058480690686
0.17094406714497587	4.493166548830445
0.2071009851275737	4.321804649252243
0.3780450522725496	4.439971198082688
2.2636684223699746	3.4514648034424704
1.5444523018148468	3.835986765748797
1.6224368397347617	3.9906620365595993
1.5223659684369744	3.392209871047302
1.160398650054461	3.5209741588542087
1.0248632772448407	3.4440115499537782
1.0928089404917198	3.1436996933930828
1.2229077074334858	3.0578661842510497
1.5835101843810038	3.0493675947936336
1.6678170051509755	2.9240284521357958
2.1539684840159925	3.3154864521709504
0.8690877398110425	3.449213702259768
0.9420112126090475	3.297959564977483
1.5169293625691198	3.229413753004838
0.6310721253741576	3.4877086368380317
0.42751256307911384	3.474062362298431
0.5826761128802055	3.289515442743872
1.1143414972205101	3.8290952744634357
0.9653113994439279	3.7517281180814672
1.1009699022234178	3.6726328436180316
0.3137169998849074	3.1643244149616807
0.39515644475914036	3.041631331602022
0.46055599545939463	3.1531760848446124
0.6641155577544384	3.166822359384213
0.8149132856371109	3.0125624877998125
0.9370334030579217	3.148901845699072
1.0447322920961677	4.129055790262065
0.9063301010959495	4.047561818001297
1.1170851854412382	3.9896845211876393
0.18955827529258085	3.2004345841021355
0.12415872459232659	3.0888898308595456
0.8170405155960632	2.094987591876644
1.0535813914409053	2.013894537682255
0.9205026063300747	2.2255964657260128
2.1659227436624056	2.1976673812320744
2.159429406931209	2.0350511779113734
2.3199213699461447	2.062042339649188
1.2173908591937836	4.577407817136469
1.2411647038237639	4.410516905834127
0.1286593258413544	3.6328106703238583
0.2842055856129164	3.736096109437499
0.15554625977156206	3.85328543911364
0.7139241900099509	3.633760621814327
0.8219728728675914	3.9153025972256126
0.8086012778704992	3.7588401663802085
1.0252055777038893	2.6121796414830865
1.1730360401380717	2.6119111000328044
1.0713977131642984	2.7453969142618844
1.2527436882207281	3.9105892467242036
0.7496199795225207	4.054673866300038
1.5300132889291276	2.0156361335034485
1.6455712470469592	2.0926245320027688
1.5487596931170777	2.1921653689167426
1.8397304852793774	2.7679466804491515
2.0216649386181667	2.7067136860092584
1.3721814313041607	3.8541189120218697
1.1615072442584822	4.271049622487439
0.550159492930467	4.407585357626368
0.5140025749478692	4.57894725720457
0.5705856634336144	3.797335100958472
1.5813574056570912	4.116403930326357
0.9507521599131934	4.328926919301097
0.6240895890030131	4.2277711927901045
0.15554625977156206	4.00953543911364
0.2071009851275737	4.165554649252243
0.0	4.21875
1.742455263023746	3.157690953411045
2.1857342208112334	3.1796185137445585
1.698511405594723	2.714330337385107
1.8348742159411895	2.219914993455162
1.8161278117532396	2.0433857580418673
2.256277976523984	2.381910863331628
2.0957860135090485	2.354919701593813
2.5104092866577155	3.003945650755729
4.632776488137722	2.419655314912433
5.0	2.65625
4.865512950521945	3.611532104415832
4.620741369975892	3.2386412054971307
5.0	3.28125
5.0	3.59375
4.466255109977411	2.3705582895785104
5.0	2.03125
4.814040726837305	2.1381685452566472
3.641512391679153	0.7109759706022263
3.5230172990817596	0.5937106078066396
4.036616629639192	0.2769323283626237
3.984375	0.15367734657523768
4.114741629639192	0.12325498178738606
3.80019603770475	0.7560497481639311
4.08310851046542	0.4429406037366106
3.90625	0.0
3.828125	0.15367734657523768
4.21875	0.0
2.8125	0.18038191360407607
2.96875	0.0
2.96875	0.18038191360407607
3.515625	0.1297272476822217
3.59375	0.0
3.671875	0.1297272476822217
3.9403436935675877	0.8463320101947256
3.74130596961988	0.9630105144602076
3.4375	0.265164121176533
3.359375	0.1354368734943113
3.715279229258191	1.1573312192967808
3.5751315733953533	1.0670489572659865
3.3851627251026053	1.1405084164198604
3.8428606295500227	1.1985964462401912
3.203125	0.1354368734943113
3.046875	0.3158187870983874
3.1238231976958146	1.1628038725097558
3.2877653056268734	1.283665118192455
3.4133716683201394	1.4028420464709894
3.1520321409133487	1.4251375025608846
3.28125	0.0
2.704175147298016	0.5965095181659736
2.6918882940214943	0.45706533432611934
2.8247868532765215	0.5002080110480064
3.4789590642811272	0.44882601110134157
3.3227090642811272	0.45453563691343113
3.223992730887841	0.5733297902981715
3.1825336666067137	0.38966790037336296
2.9481586666067137	0.4346129404831277
2.9002445140587545	1.2355043071827385
2.9976419335344864	1.0923476054101442
3.6712359026117642	1.5702537226466236
3.152518975192487	0.7640546122476323
3.0291471618622947	0.829649682812511
2.9621357605352405	0.952257960261367
2.7700623052259887	0.7622604723367168
1.9642324090468435	1.6707405256538386
2.100672173390377	1.479750526714514
2.3377831119844847	1.1595964093295985
2.2432981558500713	0.9351693834298374
2.387538816160112	0.9442939054021682
0.8018827318205051	4.630582623987097
0.7713242240176118	4.857301915612972
0.6555585078028933	4.773280708374125
1.083824224017612	4.857301915612972
1.09375	5.0
0.9275742240176118	4.857301915612972
0.7600471116783327	4.3667472519119865
0.8768220638406472	4.508741084137361
0.9925877800553657	4.592762291376207
0.125	4.84375
0.125	5.0
0.0	4.84375
0.17094406714497587	4.649416548830445
0.2959440671449759	4.805666548830445
1.1424515271736415	4.699249356986205
0.4834440671449759	4.805666548830445
0.4375	5.0
0.78125	5.0
0.0	4.53125
0.0	3.90625
0.0	3.28125
0.18955827529258085	3.3566845841021355
0.39350054755809505	3.8144132173099354
1.1535296532695374	2.869885173463137
1.4868318995861558	2.7246856396290315
1.6587453797145575	2.568603867942387
1.2800228198384542	2.2969353988357146
1.1419436934262897	2.3115986193928153
1.2951226085870815	2.129840190974523
1.9866843764595197	1.9941469840809654
2.0282830660468756	2.5487058746959144
1.9379278331852974	2.3644623925963613
1.767371268479017	2.4137011665572627
1.7973814075652892	1.8668565226285727
1.5556917624704498	2.4240564688011874
1.2869548891918263	2.528826498720159
1.4401338043526182	2.3470680703018667
1.7414506761908044	1.742646422600159
1.5957585955086715	1.5580004466365023
1.8222458915894366	1.632971772704014
1.5708941114845243	1.791885196561061
0.6552314556397313	2.0552269296173007
0.7883102407505618	1.8435250015735427
1.3438726419942748	1.9314481967213561
1.440684195924156	1.8319073598073823
1.812615273053889	1.2225950647209853
1.6311339831752103	1.267076968831991
2.5877186875821065	1.5424964257114857
1.9546017905112958	1.26036381767081
2.071109593437459	1.0736681100294405
2.0770346487482807	1.337167594998637
2.628043511095976	1.1668844856925282
2.5925373380967303	1.026794840543751
2.7385570768981804	1.02495839493435
1.2057935155821102	1.9461114172784568
1.1023314248480984	1.8155025434290877
1.3824816900550196	1.4588375482663236
1.4632769054536519	1.3491628983701787
1.3847534645496713	1.7076972597789686
0.9159344749361713	1.673275918612081
1.0152698909478468	1.4815352707227685
1.049454716718569	1.6915450159435732
1.201666840859774	1.6237618955397752
1.331876756420142	1.5837397322934539
0.1434776110557547	1.6297667669437876
0.21613169968750662	1.4773685253381437
0.3596093107432613	1.544635292281931
0.5200626396589325	2.3801073802810153
0.34561513497677815	2.2423876203208146
0.5095142258030783	2.168969759960201
1.0747048253990554	1.3718800001970939
0.9411845836166577	1.3536109028656016
0.9054028175814476	2.3926916735872044
0.7541254149798395	1.6335152563527378
0.6561691915787462	2.4642993328657155
0.4922701007524461	2.537717193226329
0.16753336056046197	1.953125
0.16753336056046197	2.109375
0.0	2.03125
0.6323611295488583	1.6751969729154073
0.7599853637344677	1.5049478899539457
0.75885472822214	0.48162497173820495
0.6192161973936587	0.4617722503819021
0.6839349217096994	0.3364545079824636
0.0	3.59375
0.1286593258413544	3.4765606703238583
2.6971542612673547	0.12243221819446837
2.6971542612673547	0.30281413179854444
0.8965813453503766	0.8942154933029927
1.1076783228979445	0.8413738070919172
1.0867010157475891	0.9752475778763474
0.0	2.65625
0.1719682869076756	2.65625
0.1719682869076756	2.8125
0.35005006132399175	2.6330126203208146
0.17808177441631617	2.4767626203208146
0.36661361362788736	3.5939384485201535
0.31821760113393527	3.395745254425994
0.12415872459232659	2.9326398308595456
0.0	2.96875
0.2961270115000022	2.9326398308595456
0.4429660070744894	2.9214915007424764
0.5851860465029437	2.826196073647991
0.48615661324380555	2.7172045729055148
0.7327813455318719	2.8880742285985597
1.0056991908353552	2.870153714913419
2.353067583637806	1.5368529864513172
2.3614206366265806	1.3021793410454754
2.4736707193057508	1.4033945767077711
1.8185403283647106	1.4860945496901818
1.4178570777215587	1.1679140704618123
2.4980523819623164	0.80236781464399
2.5960717405708813	1.307822780305644
2.2171799763165403	1.2930548190731446
1.847861329446462	0.7486081038096601
2.5765425552888495	0.39911563891651164
2.4627792612673547	0.2948128257923372
1.1993950663651223	1.3749021840271305
0.480783950957577	1.9175071696570998
0.3110109716162167	1.8641417669437876
0.45672820145286974	1.7503989366008872
0.666668864668982	0.7436128917116407
0.8058473282034155	0.683642218328103
0.7783801889662983	0.8203123959021003
0.1434776110557547	1.7860167669437876
0.8037644906076744	2.526177487816284
0.775971951701188	2.6837873007615975
0.0	2.34375
0.17808177441631617	2.3205126203208146
0.0	1.40625
0.1315314157590749	1.2142465825861575
0.1315314157590749	1.3704965825861575
0.5352422388392498	1.4694333285964511
0.4625881502074979	1.6218315702020951
1.441756074369137	1.0041170162944482
1.2738989966475787	1.0862029458326359
0.0	1.71875
1.6879135977786337	0.7178849946816219
1.5090239158085872	0.8861096005192716
1.4766876752652034	0.7541812858276222
1.1492087556815118	1.0831807620025995
1.1253097590339332	1.2469778161699636
0.49261884249430893	0.7282909600911446
0.5200859817314262	0.5916207825171473
1.40625	0.0
1.484375	0.16259533870204654
1.328125	0.16259533870204654
2.421875	0.17238060759786883
2.265625	0.17238060759786883
2.34375	0.0
1.2250788699824857	0.7737029458326359
1.403968551952532	0.6054783399949863
0.6597028287426595	1.4106888673555444
0.7814671141736408	1.369007150792875
0.3476631154465815	1.2853651079243011
1.8155250889030783	0.6166797891180109
1.9228159893259025	0.48982599366069
1.762868257658074	0.4591028845326518
2.042473323847855	0.4452765637509515
1.9898164926028508	0.28769965916559237
1.7163295790404494	0.16612454453766543
1.6382045790404491	0.32871988323971196
1.71875	0.0
1.8725795790404494	0.16612454453766543
1.9922369135624016	0.12157511462792692
2.03125	0.0
2.148486913562402	0.12157511462792692
2.5409042612673547	0.12243221819446837
2.1596114102854536	0.4960820567208934
1.279304873334907	0.47509533870204645
1.5309136786176247	0.4555736786970329
1.171875	0.13760477821763645
1.015625	0.13760477821763645
1.09375	0.0
2.65625	0.0
2.960445519883235	0.574057124322982
2.6371637459709616	0.7191177956148297
2.226611913562402	0.29395572222579575
0.5567239892784229	1.3334925894353806
0.18202546383363905	0.9313902190122886
0.0	0.78125
0.18202546383363905	0.7751402190122886
0.8409020486248495	1.2593518802672006
0.7783943086909271	1.1514186961409485
0.9381117781339439	1.1360224482136752
0.29248267485110113	0.13623267485110116
0.13623267485110116	0.13623267485110116
0.15625	0.0
0.4721237053499912	1.2266206466833944
0.5226177534245553	1.1000142831095254
0.5016263265495715	0.9027817536551076
0.6601931523068487	1.077515598740056
0.1315314157590749	1.0579965825861575
0.0	1.09375
0.31355687959271394	1.051886801598446
0.35504344361201556	0.7507896444606141
0.17301797977837652	0.6006494254483256
0.8705660525194563	0.5583244759286645
0.9586617262690903	0.3157583928870197
0.8805367262690903	0.17815361466938323
1.0349591995852732	0.6926708612592811
0.7574028818159431	0.9541861666865304
0.4283981954406091	0.1583008933130804
0.46875	0.0
0.5846481954406091	0.1583008933130804
1.25	0.30020011691968296
0.4451661752189856	0.44645031876140595
0.0	0.46875
0.17301797977837652	0.44439942544832556
0.30925065462947765	0.4243821002994267
0.13623267485110116	0.29248267485110113
1.1230548733349073	0.4501047782176364
0.78125	0.0
0.7242867262690903	0.17815361466938323
0.4083808702917102	0.2945335681641815
0.9879665996039975	0.4906536146693832
0.0	0.15625
2.7420914793723314	1.3059863346962428
1.3331470246522352	2.662043771498957
52	23	36	281	282	283
76	78	70	284	285	286
196	134	280	287	288	289
153	154	68	290	291	292
79	101	89	293	294	295
70	74	76	296	297	286
25	22	24	298	299	300
84	86	82	301	302	303
55	40	125	304	305	306
17	27	31	307	308	309
228	246	231	310	311	312
240	245	228	313	314	315
134	136	139	316	317	318
152	195	148	319	320	321
94	81	71	322	323	324
52	10	29	325	326	327
14	43	44	328	329	330
24	18	27	331	332	333
36	45	28	334	335	336
19	20	21	337	338	339
27	276	24	340	341	333
38	34	35	342	343	344
29	30	31	345	346	347
23	18	22	348	349	350
25	21	22	351	352	298
59	46	39	353	354	355
56	8	20	356	357	358
22	21	16	352	359	360
57	21	20	361	338	362
18	24	22	331	299	349
23	22	16	350	360	363
23	16	36	363	364	282
29	23	52	365	281	327
29	31	18	347	366	367
25	19	21	368	339	351
17	32	27	369	370	307
24	15	25	371	372	300
34	26	32	373	374	375
24	276	15	341	376	371
36	57	45	377	378	334
49	47	132	379	380	381
29	10	30	326	382	345
18	23	29	348	365	367
92	91	66	383	384	385
44	41	42	386	387	388
31	30	41	346	389	390
27	18	31	332	366	308
37	35	17	391	392	393
276	32	26	394	374	395
34	38	3	342	396	397
37	33	35	398	399	391
35	32	17	400	369	392
34	32	35	375	400	343
16	21	57	359	361	401
36	28	40	336	402	403
41	37	17	404	393	405
43	33	37	406	398	407
20	8	129	357	408	409
35	33	38	399	410	344
39	46	47	354	411	412
28	49	51	413	414	415
55	92	99	416	417	418
31	41	17	390	405	309
41	30	42	389	419	387
10	66	156	420	421	422
161	162	163	423	424	425
41	44	37	386	426	404
44	43	37	329	407	426
14	44	42	330	388	427
57	36	16	377	364	401
58	39	57	428	429	430
49	28	47	413	431	379
28	45	47	335	432	431
39	47	45	412	432	433
46	132	47	434	380	411
46	63	65	435	436	437
135	153	65	438	439	440
158	68	157	441	442	443
158	53	48	444	445	446
50	69	54	447	448	449
28	51	40	415	450	402
49	53	51	451	452	414
53	54	125	453	454	455
36	40	52	403	456	283
52	40	99	456	457	458
48	53	49	445	451	459
54	53	50	453	460	449
50	157	69	461	462	447
125	40	51	305	450	463
81	54	80	464	465	466
42	30	156	419	467	468
20	19	56	337	469	358
58	57	20	430	362	470
45	57	39	378	429	433
131	184	128	471	472	473
39	58	59	428	474	355
62	128	127	475	476	477
46	59	63	353	478	435
63	64	184	479	480	481
132	65	153	482	439	483
184	61	63	484	485	481
64	63	59	479	478	486
126	127	129	487	488	489
65	63	61	436	485	490
8	126	129	491	489	408
64	127	128	492	476	493
61	133	65	494	495	490
198	157	68	496	442	497
100	81	83	498	499	500
66	91	86	384	501	502
12	136	133	503	504	505
93	66	86	506	502	507
133	135	65	508	440	495
72	69	5	509	510	511
54	69	80	448	512	465
70	72	74	513	514	296
79	94	159	515	516	517
71	80	72	518	519	520
78	79	159	521	517	522
200	74	72	523	514	524
72	70	159	513	525	526
5	157	198	527	496	528
254	231	250	529	530	531
200	72	5	524	511	532
226	76	74	533	297	534
73	202	205	535	536	537
117	114	103	538	539	540
226	74	73	534	541	542
75	277	78	543	544	545
178	169	172	546	547	548
164	88	87	549	550	551
75	78	76	545	284	552
78	77	79	553	554	521
89	101	102	294	555	556
79	89	94	295	557	515
72	80	69	519	512	509
81	80	71	466	518	323
83	81	13	499	558	559
125	81	55	560	561	306
82	83	84	562	563	303
91	92	100	383	564	565
84	83	13	563	559	566
83	82	100	562	567	500
164	111	166	568	569	570
86	96	98	571	572	573
86	84	96	301	574	571
102	104	87	575	576	577
93	42	156	578	468	579
84	13	88	566	580	581
88	13	89	580	582	583
13	94	89	584	557	582
104	111	87	585	586	576
181	101	79	587	293	588
87	88	89	550	583	589
98	67	161	590	591	592
88	90	96	593	594	595
66	10	92	420	596	385
82	86	91	302	501	597
99	92	10	417	596	598
100	92	55	564	416	599
93	86	98	507	573	600
42	93	163	578	601	602
81	94	13	322	584	558
94	71	159	324	603	516
167	172	169	604	547	605
104	102	105	575	606	607
88	96	84	595	574	581
160	98	90	608	609	610
90	98	96	609	572	594
97	98	160	611	608	612
98	97	67	611	613	590
52	99	10	458	598	325
55	99	40	418	457	304
100	55	81	599	561	498
91	100	82	565	567	597
181	79	77	588	554	614
102	101	95	555	615	616
102	95	105	616	617	606
89	102	87	556	577	589
177	171	173	618	619	620
117	108	215	621	622	623
113	114	112	624	625	626
7	160	166	627	628	629
216	108	105	630	631	632
104	105	103	607	633	634
216	181	175	635	636	637
103	105	108	633	631	638
2	120	122	639	640	641
216	105	95	632	617	642
108	107	215	643	644	622
109	167	121	645	646	647
85	114	116	648	649	650
113	111	104	651	585	652
113	112	110	626	653	654
166	165	7	655	656	629
111	113	110	651	654	657
114	85	112	648	658	625
103	113	104	659	652	634
113	103	114	659	539	624
114	117	116	538	660	649
118	116	109	661	662	663
115	123	118	664	665	666
123	85	116	667	650	668
108	117	103	621	540	638
109	116	117	662	660	669
122	124	119	670	671	672
115	118	124	666	673	674
167	109	215	645	675	676
121	118	109	677	663	647
118	121	124	677	678	673
119	121	170	679	680	681
124	122	120	670	640	682
124	120	115	682	683	674
118	123	116	665	668	661
119	124	121	671	678	679
53	125	51	455	463	452
81	125	54	560	454	464
64	59	127	486	684	492
62	127	126	477	487	685
129	59	58	686	474	687
60	185	130	688	689	690
149	131	147	691	692	693
59	129	127	686	488	684
20	129	58	409	687	470
128	185	131	694	695	473
128	62	130	475	696	697
193	150	152	698	699	700
132	48	49	701	459	381
46	65	132	437	482	434
149	133	61	702	494	703
136	135	133	704	508	504
136	140	139	705	706	317
139	144	134	707	708	318
154	134	196	709	287	710
153	48	132	711	701	483
139	140	138	706	712	713
134	135	136	714	704	316
138	143	219	715	716	717
12	145	140	718	719	720
219	223	225	721	722	723
140	136	12	705	503	720
138	225	144	724	725	726
147	142	145	727	728	729
223	219	194	721	730	731
213	212	203	732	733	734
200	199	73	735	736	737
131	185	187	695	738	739
137	222	195	740	741	742
138	140	143	712	743	715
140	145	148	719	744	745
138	144	139	726	707	713
141	279	280	746	747	748
147	145	12	729	718	749
148	145	142	744	728	750
206	197	201	751	752	753
68	154	155	291	754	755
12	133	149	505	702	756
147	131	187	692	739	757
152	188	193	758	759	700
140	148	143	745	760	743
149	61	184	703	484	761
12	149	147	756	693	749
142	147	187	727	757	762
142	152	148	763	321	750
151	195	152	764	319	765
151	152	150	765	699	766
154	153	135	290	438	767
158	153	68	768	292	441
134	154	135	709	767	714
154	196	155	710	769	754
199	201	197	770	752	771
200	198	199	772	773	735
10	156	30	422	467	382
93	156	66	579	421	506
69	157	5	462	527	510
158	157	50	443	461	774
53	158	50	444	774	460
153	158	48	768	446	711
72	159	71	526	603	520
78	159	70	522	525	285
166	160	90	628	610	775
97	160	7	612	627	776
163	14	42	777	427	602
93	98	161	600	592	778
161	163	93	425	601	778
161	67	162	591	779	423
14	163	162	777	424	780
88	164	90	549	781	593
87	111	164	586	568	551
164	166	90	570	775	781
111	110	165	657	782	783
165	166	111	655	569	783
172	173	171	784	619	785
170	169	168	786	787	788
172	167	173	604	789	784
170	167	169	790	605	786
106	168	169	791	787	792
119	170	168	681	788	793
167	170	121	790	680	646
180	217	174	794	795	796
178	176	106	797	798	799
173	167	107	789	800	801
176	178	179	797	802	803
107	175	173	804	805	801
173	175	177	805	806	620
107	108	216	643	630	807
174	179	180	808	809	796
277	177	175	810	806	811
277	175	77	811	812	813
179	174	176	808	814	803
256	254	180	815	816	817
169	178	106	546	799	792
171	178	172	818	548	785
178	171	179	818	819	802
171	182	179	820	821	819
182	180	179	822	809	821
277	278	177	823	824	810
101	181	95	587	825	615
77	175	181	812	636	614
171	177	182	618	826	820
256	177	183	827	828	829
205	202	227	536	830	831
229	230	231	832	833	834
128	184	64	472	480	493
149	184	131	761	471	691
130	185	128	689	694	697
188	192	186	835	836	837
192	60	189	838	839	840
188	142	187	841	762	842
142	188	152	841	758	763
192	188	187	835	842	843
190	191	4	844	845	846
191	190	193	844	847	848
192	185	60	849	688	838
193	186	191	850	851	848
185	192	187	849	843	738
186	192	189	836	840	852
193	188	186	759	837	850
150	193	190	698	847	853
137	195	151	742	764	854
220	194	219	855	730	856
148	195	143	320	857	760
280	134	144	288	708	858
155	196	146	769	859	860
206	279	203	861	862	863
73	199	202	736	864	535
68	155	198	755	865	497
198	155	199	865	866	773
201	199	155	770	866	867
202	199	197	864	771	868
74	200	73	523	737	541
198	200	5	772	532	528
155	146	201	860	869	867
146	279	206	870	861	871
202	209	204	872	873	874
209	202	197	872	868	875
212	213	211	732	876	877
197	206	207	751	878	879
240	228	204	315	880	881
76	226	75	533	882	552
227	228	230	883	884	885
278	229	183	886	887	888
146	206	201	871	753	869
207	206	203	878	863	889
203	212	207	733	890	889
209	11	204	891	892	873
197	207	209	879	893	875
212	214	232	894	895	896
209	207	232	893	897	898
238	239	233	899	900	901
213	234	236	902	903	904
261	232	214	905	895	906
203	279	213	862	907	734
212	211	214	877	908	894
213	237	234	909	910	902
210	236	235	911	912	913
211	257	214	914	915	908
274	265	270	916	917	918
215	109	117	675	669	623
107	167	215	800	676	644
181	216	95	635	642	825
107	216	175	807	637	804
222	137	220	740	919	920
253	217	180	921	794	922
244	266	243	923	924	925
224	9	221	926	927	928
234	221	9	929	927	930
143	222	219	931	932	716
219	225	138	723	724	717
222	143	195	931	857	741
220	219	222	856	932	920
224	223	194	933	731	934
225	223	221	722	935	936
237	225	221	937	936	938
223	224	221	933	928	935
144	225	141	725	939	940
73	205	226	537	941	542
226	205	229	941	942	943
202	204	227	874	944	830
228	227	204	883	944	880
204	11	240	892	945	881
229	231	183	834	946	887
226	229	75	943	947	882
230	229	205	832	942	948
227	230	205	885	948	831
230	228	231	884	312	833
245	246	228	949	310	314
253	254	250	950	531	951
209	232	11	898	952	891
212	232	207	896	897	890
211	236	238	953	954	955
267	265	266	956	957	958
210	238	236	959	954	911
237	213	141	909	960	961
213	236	211	904	953	876
234	9	235	930	962	963
234	235	236	963	912	903
225	237	141	937	961	939
221	234	237	929	910	938
239	208	262	964	965	966
238	233	257	901	967	968
243	240	11	969	945	970
238	210	239	959	971	899
242	245	243	972	973	974
261	243	11	975	970	976
267	268	265	977	978	956
218	251	252	979	980	981
6	250	248	982	983	984
11	232	261	952	905	976
242	243	241	974	985	986
257	258	214	987	988	915
233	239	262	900	966	989
243	245	240	973	313	969
245	242	246	972	990	949
249	246	242	991	990	992
255	246	249	993	991	994
252	251	249	980	995	996
251	247	249	997	998	995
249	247	255	998	999	994
255	247	248	999	1000	1001
253	250	6	951	982	1002
250	231	246	530	311	1003
242	241	252	986	1004	1005
252	249	242	996	992	1005
218	273	271	1006	1007	1008
217	253	6	921	1002	1009
254	253	180	950	922	816
256	180	182	817	822	1010
183	231	254	946	529	1011
248	250	255	983	1012	1001
246	255	250	993	1012	1003
177	256	182	827	1010	826
183	254	256	1011	815	829
238	257	211	968	914	955
258	257	233	987	967	1013
260	263	259	1014	1015	1016
261	258	244	1017	1018	1019
272	275	1	1020	1021	1022
262	258	233	1023	1013	989
258	260	267	1024	1025	1026
258	261	214	1017	906	988
243	261	244	975	1019	925
263	262	208	1027	965	1028
258	262	260	1023	1029	1024
268	260	259	1030	1016	1031
262	263	260	1027	1014	1029
274	266	265	1032	957	916
271	273	274	1007	1033	1034
243	266	241	924	1035	985
267	266	244	958	923	1036
258	267	244	1026	1036	1018
268	267	260	977	1025	1030
270	272	264	1037	1038	1039
252	273	218	1040	1006	981
265	268	270	978	1041	917
268	259	269	1031	1042	1043
275	268	269	1044	1043	1045
252	241	273	1004	1046	1040
264	271	274	1047	1034	1048
275	272	270	1020	1037	1049
241	266	274	1035	1032	1050
274	270	264	918	1039	1048
241	274	273	1050	1033	1046
268	275	270	1044	1049	1041
1	275	269	1021	1045	1051
78	277	77	544	813	553
32	276	27	394	340	370
278	277	75	823	543	1052
229	278	75	886	1052	947
177	278	183	824	888	828
280	279	146	747	870	1053
213	279	141	907	746	960
196	280	146	289	1053	859
141	280	144	748	858	940
21	1	16	19	24	28	31	32	33	34	40	43	54	55	70	73	81	84	85	94	172	173
22	2	6	116	117	119	120	121	125	128	129	132	133	176	279	280	309	351	360	397	403	486	488
21	3	13	232	233	234	237	242	251	252	256	267	269	270	343	344	353	354	396	491	493	494
21	4	77	78	79	100	108	113	122	228	234	235	237	256	267	268	269	270	276	278	344	347
24	5	15	117	119	133	134	135	147	150	151	153	154	163	164	166	176	177	178	179	189	280	318	319	381
22	6	2	114	116	118	119	120	121	124	125	128	129	132	133	246	279	280	351	360	397	403	486
15	7	18	20	21	24	25	28	30	31	35	37	39	43	47	54
23	8	44	109	110	112	138	140	141	142	143	145	146	149	150	156	158	160	161	167	169	174	175	288
24	9	55	61	62	81	82	83	84	85	87	89	90	109	139	141	143	159	160	172	173	174	175	216	217
21	10	18	21	23	30	34	36	38	42	43	46	47	48	49	52	53	56	63	64	67	487
22	11	12	123	323	359	361	400	402	404	405	406	407	408	424	433	434	435	436	442	444	449	451
20	12	11	323	359	361	366	400	401	405	406	407	422	424	425	430	433	434	435	443	444
22	13	3	111	113	231	232	233	234	236	237	239	241	242	249	251	257	267	269	343	396	493	494
18	14	227	243	248	249	250	254	259	260	264	265	266	329	330	340	342	388	390
25	15	5	90	109	115	117	118	119	121	135	136	137	138	139	140	142	143	149	150	151	163	164	174	217	279
21	16	1	23	24	31	32	33	34	42	43	47	55	62	65	84	85	157	159	172	173	273
16	17	45	48	51	56	57	64	66	67	68	69	91	148	162	283	287
18	18	7	10	21	23	24	25	30	31	34	36	37	39	43	47	49	63	487
22	19	1	26	32	33	40	41	55	60	61	70	71	72	73	74	75	81	82	84	85	89	94
15	20	7	25	27	28	29	31	35	54	58	70	71	92	93	224
15	21	7	10	18	24	30	34	36	37	38	39	47	49	52	487
11	22	36	38	48	49	50	51	52	53	57	59
22	23	10	16	18	24	30	33	34	36	42	43	46	47	56	63	64	65	91	157	159	172	273
21	24	1	7	16	18	21	23	25	28	30	31	32	33	34	37	42	43	47	54	70	84
16	25	7	18	20	24	28	29	30	31	32	35	37	39	54	70	92
24	26	19	40	41	60	71	72	73	74	75	76	93	94	96	98	99	101	102	104	218	220	223	224	229
15	27	20	29	35	54	58	71	92	93	96	103	105	220	223	224
21	28	1	7	20	24	25	29	30	31	32	33	35	37	40	43	54	70	71	92	93	94
19	29	20	25	27	28	31	32	35	40	54	58	70	71	92	93	94	96	220	224
20	30	7	10	18	21	23	24	25	28	31	32	33	34	35	37	39	43	47	54	487
21	31	1	7	16	18	20	24	25	28	29	30	32	33	34	35	40	43	54	70	84	94
24	32	1	16	19	24	25	28	29	30	31	33	40	43	54	55	70	71	73	74	84	85	93	94	172
22	33	1	16	19	23	24	28	30	31	32	34	40	42	43	47	55	70	84	85	159	172	173
19	34	1	10	16	18	21	23	24	30	31	33	36	42	43	46	47	63	172	273
13	35	7	20	25	27	28	29	30	31	37	54	92	93
20	36	10	18	21	22	23	34	38	39	46	47	48	49	51	52	53	56	63	67	487
11	37	7	18	21	24	25	28	30	35	39	487
12	38	10	21	22	36	48	49	50	52	53	59	487
11	39	7	18	21	25	30	36	37	47	49	487
21	40	1	19	26	28	29	31	32	33	54	55	60	70	71	72	73	74	84	93	94	96
21	41	19	26	60	61	72	73	74	75	76	79	81	82	86	98	100	228	229	235	277	278
19	42	10	16	23	24	33	34	43	46	47	63	64	65	85	91	157	159	172	273
20	43	1	7	10	16	18	23	24	28	30	31	32	33	34	42	46	47	84	85	172
23	44	8	62	65	91	109	110	112	140	141	143	146	148	157	158	159	160	161	173	174	175	273	274
21	45	17	46	48	51	56	57	63	64	66	67	68	69	91	148	162	273	274	283	285	287
20	46	10	23	34	36	42	43	45	47	48	52	56	63	64	65	67	68	91	148	273
21	47	7	10	16	18	21	23	24	30	33	34	36	39	42	43	46	49	52	56	63	487
19	48	10	17	22	36	38	45	46	51	52	53	56	57	59	63	64	67	68	487
12	49	10	18	21	22	36	38	39	47	52	53	487
7	50	22	38	51	52	53	59
16	51	17	22	36	45	48	50	52	53	56	57	59	63	67	68	69
20	52	10	21	22	36	38	46	47	48	49	50	51	53	56	57	59	63	67	68	487
14	53	10	22	36	38	48	49	50	51	52	56	59	63	487
22	54	1	7	20	24	25	27	28	29	30	31	32	35	40	58	70	71	92	93	94	96	224
22	55	1	9	16	19	32	33	40	61	70	72	73	74	81	82	84	85	89	94	172	173	216
20	56	10	17	23	36	45	46	47	48	51	52	53	57	59	63	64	67	68	69	91
14	57	17	22	45	48	51	52	56	59	64	67	68	69	283
16	58	20	27	29	54	71	92	93	96	103	105	218	219	220	223	224
12	59	22	38	48	50	51	52	53	56	57	67	68
20	60	19	26	40	41	61	70	71	72	73	74	75	76	94	96	98	102	220	228	229
22	61	9	19	41	55	60	72	73	74	75	79	81	82	83	84	85	86	87	89	216	228	277
23	62	9	16	44	65	81	84	85	89	109	110	139	141	143	157	158	159	160	172	173	174	175	217
21	63	10	18	23	34	36	42	45	46	47	48	51	52	53	56	64	67	68	91	273	487
21	64	10	17	23	42	45	46	48	56	57	63	65	67	68	69	91	148	162	273	274	283
22	65	16	23	42	44	46	62	64	91	110	112	141	148	157	158	159	160	162	172	175	273	274
17	66	17	45	69	112	148	155	161	162	170	171	274	283	284	285	286	287
21	67	10	17	36	45	46	48	51	52	56	57	59	63	64	68	69	91	148	162	283	287
18	68	17	45	46	48	51	52	56	57	59	63	64	67	69	91	162	283	287
18	69	17	45	51	56	57	64	66	67	68	91	148	162	274	283	285	286	287
23	70	1	19	20	24	25	28	29	31	32	33	40	54	55	60	71	73	74	84	93	94	96	224
23	71	19	20	26	27	28	29	32	40	54	58	60	70	73	74	92	93	94	96	98	220	223	224
23	72	19	26	40	41	55	60	61	73	74	75	79	81	82	84	86	89	94	216	228	229	235	277
23	73	1	19	26	32	40	41	55	60	61	70	71	72	74	75	81	82	84	86	94	96	98	228
21	74	19	26	32	40	41	55	60	61	70	71	72	73	75	81	84	93	94	96	98	220
21	75	19	26	41	60	61	72	73	74	76	77	79	86	98	100	102	104	228	229	235	278
19	76	26	41	60	75	77	98	99	100	101	102	104	107	113	228	229	230	235	261
21	77	4	75	76	100	104	107	111	113	228	229	230	231	234	235	237	257	267	268	269	278
23	78	4	79	80	86	87	88	108	114	122	124	228	235	256	267	268	275	276	277	278	347	348	352
24	79	4	41	61	72	75	78	80	82	83	86	87	88	100	108	122	216	228	235	268	275	276	277	278
24	80	78	79	82	83	86	87	88	90	108	114	115	118	122	124	136	137	139	216	217	275	276	277	279
21	81	1	9	19	41	55	61	62	72	73	74	82	83	84	85	86	87	89	172	173	216
22	82	9	19	41	55	61	72	73	79	80	81	83	86	87	88	89	216	217	228	276	277	278
22	83	9	61	79	80	81	82	86	87	88	89	90	115	136	137	139	173	174	216	217	276	277
24	84	1	9	16	19	24	31	32	33	40	43	55	61	62	70	72	73	74	81	85	89	159	172	173
20	85	1	9	16	19	32	33	42	43	55	61	62	81	84	89	157	159	160	172	173
24	86	41	61	72	73	75	78	79	80	81	82	83	87	88	89	100	216	228	229	235	268	276	277	278
22	87	9	61	78	79	80	81	82	83	86	88	89	90	114	115	136	139	216	217	275	276	277
24	88	78	79	80	82	83	86	87	90	108	114	115	118	122	124	136	216	268	275	276	277	278	347	352
22	89	9	19	55	61	62	72	81	82	83	84	85	86	87	139	159	160	172	173	174	216	217
22	90	9	15	80	83	87	88	109	114	115	118	136	137	138	139	143	163	164	174	216	217	279
24	91	17	23	42	44	45	46	56	63	64	65	67	68	69	110	112	148	157	162	273	274	283	285	287
13	92	20	25	27	28	29	35	54	58	71	93	105	224
21	93	20	26	27	28	29	32	35	40	54	58	70	71	74	92	94	96	105	220	223	224
22	94	1	19	26	28	29	31	32	40	54	55	60	70	71	72	73	74	93	96	98	220	224
22	95	97	99	101	102	106	218	221	222	225	226	230	247	258	261	262	263	324	325	326	334	336
22	96	26	27	29	40	54	58	60	70	71	73	74	93	94	98	102	103	105	218	220	223	224
15	97	95	99	102	103	105	106	218	219	221	223	225	226	324	326
22	98	26	41	60	71	73	74	75	76	94	96	99	100	101	102	104	107	218	220	223	229	261
20	99	26	76	95	97	98	101	102	104	106	107	218	220	222	223	225	230	261	324	325
21	100	4	41	75	76	77	79	86	98	104	107	113	228	229	230	231	235	267	268	269	278
22	101	26	76	95	98	99	102	104	106	107	113	218	222	223	225	229	230	257	261	262	324	325
23	102	26	60	75	76	95	96	97	98	99	101	103	104	106	107	218	220	223	229	230	261	324	325
15	103	27	58	96	97	102	105	106	218	219	220	223	224	226	324
23	104	26	75	76	77	98	99	100	101	102	107	111	113	218	222	229	230	231	235	257	261	262	325
14	105	27	58	92	93	96	97	103	106	218	219	220	223	224
20	106	95	97	99	101	102	103	105	218	219	220	221	223	225	226	247	261	324	325	326
23	107	76	77	98	99	100	101	102	104	111	113	222	229	230	231	235	237	241	257	261	262	267	325
21	108	4	78	79	80	88	114	122	124	256	268	270	272	275	276	277	278	347	348	349	352
25	109	8	9	15	44	62	90	137	138	139	140	141	142	143	149	150	151	158	160	163	167	173	174	175	217
25	110	8	44	62	65	91	112	140	141	143	145	146	148	157	158	159	160	161	162	169	175	273	274	284	285
23	111	13	77	104	107	113	222	230	231	232	233	236	237	239	241	243	250	253	257	261	262	269	325
22	112	8	44	65	66	91	110	141	145	146	148	155	157	158	161	162	169	175	273	274	284	285
23	113	4	13	76	77	100	101	104	107	111	229	230	231	234	235	237	241	257	261	262	267	269	278
24	114	6	78	80	87	88	90	108	115	116	118	120	121	122	124	136	137	272	275	276	277	279	351	352
22	115	15	80	83	87	88	90	114	118	121	124	136	137	139	164	174	216	217	275	276	277	279
22	116	2	6	114	118	119	120	121	124	125	128	132	133	136	164	246	275	279	280	351	352	360
22	117	2	5	15	118	119	121	133	134	135	137	138	150	151	153	163	164	176	177	279	280	318
22	118	6	15	80	88	90	114	115	116	117	119	120	121	124	136	137	163	164	217	275	279	280
24	119	2	5	6	15	116	117	118	121	129	132	133	134	135	151	153	164	176	279	280	309	318	319	486
23	120	2	6	114	116	118	121	122	124	125	128	136	246	272	275	279	280	346	348	351	352	360	397
22	121	2	6	15	114	115	116	117	118	119	120	124	125	128	132	133	136	137	164	279	280	351
23	122	4	78	79	80	88	108	114	120	124	136	246	256	268	272	275	276	277	347	348	349	351	352
24	123	11	311	323	362	384	402	406	407	408	428	435	436	439	440	441	442	446	447	448	449	450	451	453
26	124	6	78	80	88	108	114	115	116	118	120	121	122	125	128	136	246	272	275	276	279	346	347	348	351	352
23	125	2	6	116	120	121	124	126	128	129	132	246	280	322	346	351	360	397	398	403	486	488	489
21	126	125	128	246	271	272	322	346	350	351	355	356	360	361	397	398	399	400	403	404	405
22	127	166	181	182	184	185	187	190	192	193	194	197	198	199	200	201	203	204	205	214	306	379
23	128	2	6	116	120	121	124	125	126	129	132	246	272	280	322	346	351	352	360	397	398	403	405
22	129	2	6	119	125	128	132	133	176	280	308	309	317	319	360	362	398	403	486	488	489	490
21	130	165	180	191	211	293	294	295	296	297	298	299	301	302	303	310	312	313	314	315	380
22	131	134	142	144	146	147	149	150	151	152	154	156	166	167	169	179	193	281	288	289	290	292
23	132	2	6	116	119	121	125	128	129	133	176	280	309	317	351	360	362	397	398	403	486	488	489
25	133	2	5	6	116	117	119	121	129	132	134	135	153	164	176	177	186	279	280	308	309	318	319	381	486
25	134	5	117	119	131	133	135	147	149	150	151	152	153	154	164	166	176	177	178	179	184	185	189	318	381
23	135	5	15	117	119	133	134	137	138	142	149	150	151	153	154	163	164	176	177	179	279	280	318
23	136	15	80	83	87	88	90	114	115	116	118	120	121	122	124	137	164	217	275	276	279	280	352
22	137	15	80	83	90	109	114	115	117	118	121	135	136	138	139	142	151	163	164	174	217	279
25	138	8	15	90	109	117	135	137	139	140	142	143	146	149	150	151	154	158	160	163	164	167	174	175	217
23	139	9	15	62	80	83	87	89	90	109	115	137	138	140	141	143	160	163	173	174	175	216	217
23	140	8	15	44	109	110	138	139	141	142	143	145	146	149	150	151	156	158	160	163	167	174	175
24	141	8	9	44	62	65	109	110	112	139	140	142	143	146	157	158	159	160	172	173	174	175	273	274
23	142	8	15	109	131	135	137	138	140	141	143	146	149	150	151	154	156	158	163	167	174	175	288
25	143	8	9	15	44	62	90	109	110	138	139	140	141	142	146	149	157	158	160	163	167	173	174	175	217
21	144	131	147	152	156	167	168	169	170	183	193	194	195	196	281	282	288	289	290	291	292
25	145	8	110	112	140	146	149	155	156	158	161	167	168	169	170	171	175	183	274	281	282	284	285	288	290
26	146	8	44	110	112	131	138	140	141	142	143	145	149	150	156	158	161	167	168	169	170	175	281	284	288	290
24	147	5	131	134	144	150	152	154	166	177	178	179	184	185	187	189	193	196	198	199	288	289	290	318
24	148	17	44	45	46	64	65	66	67	69	91	110	112	155	157	161	162	273	274	283	284	285	286	287
24	149	8	15	109	131	134	135	138	140	142	143	145	146	150	151	154	156	158	163	167	169	175	179	288
24	150	5	8	15	109	117	131	134	135	138	140	142	146	147	149	151	154	156	163	164	167	177	179	288
22	151	5	15	109	117	119	131	134	135	137	138	140	142	149	150	153	154	163	164	167	177	179
23	152	131	134	144	147	154	156	166	178	179	182	185	193	194	196	198	199	281	288	289	290	291	292
22	153	5	117	119	133	134	135	151	164	176	177	178	179	184	186	189	280	309	318	319	381	486
22	154	5	131	134	135	138	142	147	149	150	151	152	156	163	166	167	177	178	179	288	289	290
19	155	66	112	145	148	161	162	168	169	170	171	183	281	282	283	284	285	286	287
25	156	8	131	140	142	144	145	146	149	150	152	154	158	161	167	168	169	170	179	183	281	288	289	290	292
22	157	16	23	42	44	62	65	85	91	110	112	141	143	148	158	159	160	172	173	175	273	274
26	158	8	44	62	65	109	110	112	138	140	141	142	143	145	146	149	156	157	160	161	167	169	174	175	274	284
21	159	9	16	23	33	42	44	62	65	84	85	89	110	141	157	160	172	173	174	175	273
23	160	8	9	44	62	65	85	89	109	110	138	139	140	141	143	157	158	159	172	173	174	175	217
21	161	8	44	66	110	112	145	146	148	155	156	158	162	168	169	170	171	274	284	285	286
22	162	17	45	64	65	66	67	68	69	91	110	112	148	155	161	273	274	283	284	285	286	287
23	163	5	15	90	109	117	118	135	137	138	139	140	142	143	149	150	151	154	164	167	174	217	279
22	164	5	15	90	115	116	117	118	119	121	133	134	135	136	137	138	150	151	153	163	279	280
22	165	130	180	190	191	208	211	293	294	295	296	297	298	299	301	302	303	304	312	313	314	380
23	166	5	127	131	134	147	152	154	177	178	179	184	185	187	189	193	198	199	204	289	306	318	381
26	167	8	109	131	138	140	142	143	144	145	146	149	150	151	154	156	158	163	168	169	175	179	281	288	289	290
20	168	144	145	146	155	156	161	167	169	170	171	183	195	281	282	284	288	289	290	292
26	169	8	110	112	131	144	145	146	149	155	156	158	161	167	168	170	171	183	195	281	282	284	288	289	290	292
20	170	66	144	145	146	155	156	161	168	169	171	183	195	281	282	284	285	286	290	292
14	171	66	145	155	161	168	169	170	183	281	282	284	285	286
23	172	1	9	16	23	32	33	34	42	43	55	62	65	81	84	85	89	141	157	159	160	173	273
25	173	1	9	16	33	44	55	62	81	83	84	85	89	109	139	141	143	157	159	160	172	174	175	216	217
26	174	8	9	15	44	62	83	89	90	109	115	137	138	139	140	141	142	143	158	159	160	163	173	175	216	217
26	175	8	9	44	62	65	109	110	112	138	139	140	141	142	143	145	146	149	157	158	159	160	167	173	174	274
23	176	2	5	117	119	129	132	133	134	135	153	177	178	186	189	280	308	309	318	319	381	382	486
25	177	5	117	133	134	135	147	150	151	153	154	166	176	178	179	184	185	186	187	189	306	318	319	381	382
23	178	5	134	147	152	153	154	166	176	177	179	184	185	186	187	189	198	204	306	318	319	381	382
22	179	5	131	134	135	147	149	150	151	152	153	154	156	166	167	177	178	185	189	288	289	318
22	180	130	165	186	293	295	302	304	305	308	309	313	314	315	316	317	320	321	382	448	452	490
22	181	127	184	185	187	189	190	191	198	199	200	201	204	205	208	209	302	304	306	379	380	382
14	182	127	152	185	192	193	194	196	197	198	199	200	203	291
17	183	144	145	155	156	168	169	170	171	195	281	282	288	289	290	291	292
25	184	127	134	147	153	166	177	178	181	185	186	187	189	190	198	204	302	304	306	318	319	379	380	381	382
23	185	127	134	147	152	166	177	178	179	181	182	184	187	189	190	193	198	199	200	204	289	306	381
22	186	133	153	176	177	178	180	184	187	189	190	302	304	305	306	308	309	318	319	381	382	486
24	187	127	147	166	177	178	181	184	185	186	189	190	193	198	199	200	204	205	306	318	379	380	381	382
7	188	206	207	210	212	213	215
24	189	5	134	147	153	166	176	177	178	179	181	184	185	186	187	190	198	204	304	306	318	319	381	382
22	190	127	165	181	184	185	186	187	189	191	204	205	208	295	302	304	305	306	379	380	381	382
21	191	130	165	181	190	201	205	207	208	209	210	211	215	294	295	296	298	299	302	379	380
15	192	127	182	194	197	198	199	200	201	202	203	204	205	214	379
20	193	127	131	144	147	152	166	182	185	187	194	196	197	198	199	288	289	290	291	292
13	194	127	144	152	182	192	193	196	197	198	199	291	292
14	195	144	168	169	170	183	196	281	282	288	289	290	291	292
15	196	144	147	152	182	193	194	195	197	198	199	289	290	291	292
13	197	127	182	192	193	194	196	198	199	200	203	205	214
22	198	127	147	152	166	178	181	182	184	185	187	189	192	193	194	196	197	199	200	204	289	291
19	199	127	147	152	166	181	182	185	187	192	193	194	196	197	198	200	203	204	205
18	200	127	181	182	185	187	192	197	198	199	201	202	203	204	205	209	214	379
19	201	127	181	191	192	200	202	203	204	205	207	208	209	210	213	214	299	379	380
12	202	192	200	201	203	205	207	209	210	212	213	214
13	203	127	182	192	197	199	200	201	202	205	207	209	214
21	204	127	166	178	181	184	185	187	189	190	192	198	199	200	201	205	208	306	379	380	382
21	205	127	181	187	190	191	192	197	199	200	201	202	203	204	207	208	209	210	214	379	380
12	206	188	207	209	210	211	212	213	215	294	298	299
15	207	188	191	201	202	203	205	206	209	210	211	212	213	214	215
20	208	165	181	190	191	201	204	205	209	210	211	295	296	299	302	304	306	379	380	382
21	209	181	191	200	201	202	203	205	206	207	208	210	211	212	213	214	215	296	299	379	380
19	210	188	191	201	202	205	206	207	208	209	211	212	213	214	215	296	298	299	379
17	211	130	165	191	206	207	208	209	210	212	215	294	296	297	298	299	312
10	212	188	202	206	207	209	210	211	213	215
11	213	188	201	202	206	207	209	210	212	214	215
14	214	127	192	197	200	201	202	203	205	207	209	210	213	379
15	215	188	191	206	207	209	210	211	212	213	294	296	297	298	299
22	216	9	55	61	72	79	80	81	82	83	86	87	88	89	90	115	139	173	174	217	276	277
23	217	9	15	62	80	82	83	87	89	90	109	115	118	136	137	138	139	143	160	163	173	174	216
22	218	26	58	95	96	97	98	99	101	102	103	104	105	106	219	220	223	224	225	226	261	324
12	219	58	97	103	105	106	218	220	223	226	324	326
21	220	26	27	29	58	60	71	74	93	94	96	98	99	102	103	105	106	218	219	223	224
14	221	95	97	106	225	226	247	324	326	328	331	334	336	337
24	222	95	99	101	104	107	111	225	230	239	241	243	247	253	254	257	258	261	262	263	324	325	329	336
20	223	26	27	58	71	93	96	97	98	99	101	102	103	105	106	218	219	220	224	324
18	224	20	26	27	29	54	58	70	71	92	93	94	96	103	105	218	220	223
20	225	95	97	99	101	106	218	221	222	226	247	258	261	263	324	325	326	328	334	336
13	226	95	97	103	106	218	219	221	225	247	324	326	334
14	227	14	259	264	265	266	327	330	332	333	335	338	339	340
21	228	4	41	60	61	72	73	75	76	77	78	79	82	86	100	229	235	268	276	277	278
21	229	26	41	60	72	75	76	77	86	98	100	101	102	104	107	113	228	230	235	267	278
24	230	76	77	95	99	100	101	102	104	107	111	113	222	229	231	239	241	253	257	258	261	262	324	325
21	231	13	77	100	104	107	111	113	230	232	233	234	237	239	241	253	257	261	262	267	269
22	232	3	13	111	231	233	236	237	238	239	241	242	249	250	251	253	257	260	262	269	343	396
21	233	3	13	111	231	232	234	236	237	241	242	249	251	252	269	343	396	418	491	493	494
20	234	3	4	13	77	113	231	233	237	252	256	267	269	270	343	344	353	491	493	494
21	235	4	41	72	75	76	77	78	79	86	100	104	107	113	228	229	267	268	276	277	278
20	236	13	111	232	233	237	238	239	241	242	249	250	251	253	260	343	388	389	396	494
21	237	3	4	13	77	107	111	113	231	232	233	234	236	241	251	257	267	269	270	343	493
21	238	232	236	240	242	244	248	249	250	251	260	341	342	383	388	389	390	391	393	394	396
22	239	13	111	222	230	231	232	236	241	243	249	250	251	253	254	257	258	260	262	263	264	342
20	240	238	242	244	249	341	383	386	387	388	389	390	391	392	393	394	395	396	418	419
22	241	13	107	111	113	222	230	231	232	233	236	237	239	243	249	250	251	253	254	257	260	262
21	242	3	13	232	233	236	238	240	244	249	251	252	343	388	389	393	394	396	414	418	494
22	243	14	111	222	239	241	247	250	253	254	257	258	260	262	263	264	325	329	330	331	336	342
18	244	238	240	242	248	341	383	386	387	388	389	390	391	392	393	394	395	419
21	245	252	345	354	357	358	364	365	368	371	373	374	375	377	410	411	414	415	454	491	492
21	246	6	116	120	122	124	125	126	128	271	272	322	346	347	348	349	350	351	352	356	397
21	247	95	106	221	222	225	226	243	258	261	262	263	324	325	326	327	328	329	331	334	336
16	248	14	238	244	249	260	264	265	266	340	341	342	383	388	390	391
22	249	13	14	232	233	236	238	239	240	241	242	248	250	251	253	254	260	342	388	389	390	391
22	250	14	111	232	236	238	239	241	243	249	253	254	257	260	262	263	264	329	330	342	388	390
18	251	3	13	232	233	236	237	238	239	241	242	249	252	343	389	396	418	494
21	252	3	233	234	242	245	251	343	344	345	354	363	373	375	396	414	418	491	492	493	494
22	253	111	222	230	231	232	236	239	241	243	249	250	254	257	258	260	261	262	263	264	325	329
21	254	14	222	239	241	243	249	250	253	258	259	260	262	263	264	265	329	330	331	342	390
20	255	271	344	345	346	348	349	350	353	354	355	356	358	363	364	365	367	369	399	491
21	256	3	4	78	108	122	234	267	268	269	270	272	276	278	344	347	348	349	352	353	493
23	257	13	77	101	104	107	111	113	222	230	231	232	237	239	241	243	250	253	258	261	262	263	325
21	258	95	222	225	230	239	243	247	253	254	257	261	262	263	324	325	326	329	331	334	336
17	259	14	227	254	264	265	266	327	329	330	331	332	333	335	337	338	339
20	260	14	232	236	238	239	241	243	248	249	250	253	254	264	265	342	388	389	390	391
24	261	76	95	98	99	101	102	104	106	107	111	113	218	222	225	230	231	247	253	257	258	262	324	325
23	262	95	101	104	107	111	113	222	230	231	232	239	241	243	247	250	253	254	257	258	261	263	325
21	263	95	222	225	239	243	247	250	253	254	257	258	262	264	325	327	329	330	331	334	336
21	264	14	227	239	243	248	250	253	254	259	260	263	265	266	329	330	331	338	340	342	390
15	265	14	227	248	254	259	260	264	266	330	339	340	342	383	390
13	266	14	227	248	259	264	265	330	333	339	340	342	390
20	267	3	4	13	77	78	100	107	113	229	231	234	235	237	256	268	269	270	278	344
21	268	4	77	78	79	86	88	100	108	122	228	235	256	267	269	270	275	276	277	278	347
20	269	3	4	13	77	100	111	113	231	232	233	234	237	256	267	268	270	343	344	493
20	270	3	4	108	234	237	256	267	268	269	343	344	347	348	349	353	354	363	491	493
20	271	126	246	255	272	344	345	346	348	349	350	353	354	355	356	358	363	364	367	399
20	272	108	114	120	122	124	126	128	246	256	271	275	346	347	348	349	350	351	352	353
21	273	16	23	34	42	44	45	46	63	64	65	91	110	112	141	148	157	159	162	172	274
22	274	44	45	64	65	66	69	91	110	112	141	145	148	157	158	161	162	175	273	283	284	285
21	275	78	79	80	87	88	108	114	115	116	118	120	122	124	136	268	272	276	277	347	352
26	276	4	78	79	80	82	83	86	87	88	108	114	115	122	124	136	216	228	235	256	268	275	277	278	347	352
23	277	41	61	72	78	79	80	82	83	86	87	88	108	114	115	122	216	228	235	268	275	276	278
22	278	4	41	75	77	78	79	82	86	88	100	108	113	228	229	235	256	267	268	276	277	347
22	279	2	6	15	80	90	114	115	116	117	118	119	120	121	124	133	135	136	137	163	164	280
23	280	2	5	6	116	117	118	119	120	121	125	128	129	132	133	135	136	153	164	176	279	360	486
21	281	131	144	145	146	152	155	156	167	168	169	170	171	183	195	282	288	289	290	291	292
15	282	144	145	155	168	169	170	171	183	195	281	284	286	290	292
18	283	17	45	57	64	66	67	68	69	91	148	155	162	274	284	285	286	287
21	284	66	110	112	145	146	148	155	158	161	162	168	169	170	171	274	282	283	285	286	287
19	285	45	66	69	91	110	112	145	148	155	161	162	170	171	274	283	284	286	287
14	286	66	69	148	155	161	162	170	171	282	283	284	285	287
15	287	17	45	66	67	68	69	91	148	155	162	283	284	285	286
24	288	8	131	142	144	145	146	147	149	150	152	154	156	167	168	169	179	183	193	195	281	289	290	292
23	289	131	144	147	152	154	156	166	167	168	169	179	183	185	193	195	196	198	281	288	290	291	292
23	290	131	144	145	146	147	152	154	156	167	168	169	170	183	193	195	196	281	282	288	289	291	292
14	291	144	152	182	183	193	194	195	196	198	281	289	290	292
19	292	131	144	152	156	168	169	170	183	193	194	195	196	281	282	288	289	290	291
20	293	130	165	180	295	296	302	303	304	305	308	312	313	314	315	316	320	380	382	452
15	294	130	165	191	206	211	215	295	296	297	298	299	301	312	313
22	295	130	165	180	190	191	208	293	294	296	299	302	304	305	306	312	313	314	315	320	380	382
20	296	130	165	191	208	209	210	211	215	293	294	295	297	298	299	301	302	312	313	380
14	297	130	165	211	215	294	296	298	299	301	303	312	313	314
13	298	130	165	191	206	210	211	215	294	296	297	299	312
20	299	130	165	191	201	206	208	209	210	211	215	294	295	296	297	298	302	312	379	380
15	300	303	307	310	311	314	315	316	384	408	428	441	446	447	448
13	301	130	165	294	296	297	303	307	310	312	313	314	315
21	302	130	165	180	181	184	186	190	191	208	293	295	296	299	304	305	306	313	379	380	382
15	303	130	165	293	297	300	301	307	310	312	313	314	315	316	320
22	304	165	180	181	184	186	189	190	208	293	295	302	305	306	308	309	313	319	320	380	381	382
22	305	180	186	190	293	295	302	304	306	308	309	313	317	319	320	321	380	381	382	452	486	490
24	306	127	166	177	178	181	184	185	186	187	189	190	204	208	295	302	304	305	318	319	379	380	381	382
18	307	300	301	303	310	311	313	314	315	316	320	384	408	441	446	447	448	452
20	308	129	133	176	180	186	293	304	305	309	317	319	320	321	381	382	452	486	488	490
21	309	2	119	129	132	133	153	176	180	186	304	305	308	317	318	319	381	382	486	488	490
13	310	130	300	301	303	307	312	313	314	315	316	384	448
22	311	123	300	307	315	316	320	321	362	384	402	408	428	441	442	446	447	448	449	452	453	490
17	312	130	165	211	293	294	295	296	297	298	299	301	303	310	313	314	315
23	313	130	165	180	293	294	295	296	297	301	302	303	304	305	307	310	312	314	315	316	320	380	452
19	314	130	165	180	293	295	297	300	301	303	307	310	312	313	315	316	320	448	452
22	315	130	180	293	295	300	301	303	307	310	311	312	313	314	316	320	321	384	447	448	452	453
20	316	180	293	300	303	307	310	311	313	314	315	320	321	384	408	446	447	448	452	453
20	317	129	132	180	305	308	309	319	320	321	360	362	402	403	452	453	486	488	489	490
24	318	5	117	119	133	134	135	147	153	166	176	177	178	179	184	186	187	189	306	309	319	381	382	486
22	319	5	119	129	133	153	176	177	178	184	186	189	304	305	306	308	309	317	318	381	382	486
20	320	180	293	295	303	304	305	307	308	311	313	314	315	316	317	321	448	452	453	490
19	321	180	305	308	311	315	316	317	320	362	402	447	448	449	452	453	488	489	490
21	322	125	126	128	246	346	350	351	355	356	359	360	361	366	397	398	399	400	403	404	405
20	323	11	12	123	361	362	398	400	402	403	404	405	406	407	442	449	453	488	489	490
21	324	95	97	99	101	102	103	106	218	219	221	222	223	225	226	230	247	258	261	325	326
22	325	95	99	101	102	104	106	107	111	222	225	230	243	247	253	257	258	261	262	263	324	336
14	326	95	97	106	219	221	225	226	247	258	324	328	334	336
15	327	227	247	259	263	328	329	330	331	333	334	335	336	337	338
12	328	221	225	247	326	327	329	331	334	336	337	338
20	329	14	222	243	247	250	253	254	258	259	263	264	327	328	330	331	334	336	337	338
20	330	14	227	243	250	254	259	263	264	265	266	327	329	331	335	336	337	338	339	342
18	331	221	243	247	254	258	259	263	264	327	328	329	330	334	335	336	337	338
7	332	227	259	333	335	338	339
9	333	227	259	266	327	332	335	338	339
15	334	95	221	225	226	247	258	263	326	327	328	329	331	336	337
11	335	227	259	327	330	331	332	333	337	338	339
19	336	95	221	222	225	243	247	258	263	325	326	327	328	329	330	331	334	337	338
12	337	221	259	327	328	329	330	331	334	335	336	338
15	338	227	259	264	327	328	329	330	331	332	333	335	336	337	339
10	339	227	259	265	266	330	332	333	335	338
12	340	14	227	248	264	265	266	342	383	388	390	391
15	341	238	240	244	248	383	386	388	389	390	391	392	393	394	395
19	342	14	238	239	243	248	249	250	254	260	264	265	266	330	340	383	388	390	391
21	343	3	13	232	233	234	236	237	242	251	252	269	270	344	354	396	418	491	492	493	494
22	344	3	4	234	252	255	256	267	269	270	271	343	345	347	348	349	353	354	363	491	493	494
20	345	245	252	255	271	344	353	354	357	358	363	364	365	367	373	410	414	491	492	493
21	346	120	124	125	126	128	246	255	271	272	322	348	349	350	351	352	355	356	397	399	405
20	347	4	78	88	108	122	124	246	256	268	270	272	275	276	278	344	348	349	352	353
21	348	78	108	120	122	124	246	255	256	270	271	272	344	346	347	349	350	351	352	353	363
20	349	108	122	246	255	256	270	271	272	344	346	347	348	350	352	353	354	356	358	363
20	350	126	246	255	271	272	322	346	348	349	351	353	355	356	358	363	364	367	397	399
22	351	2	6	114	116	120	121	122	124	125	126	128	132	246	272	322	346	348	350	352	360	397
21	352	78	88	108	114	116	120	122	124	128	136	246	256	272	275	276	346	347	348	349	351
19	353	3	234	255	256	270	271	272	344	345	347	348	349	350	354	358	363	491	493
21	354	3	245	252	255	270	271	343	344	345	349	353	358	363	364	365	373	491	492	493	494
20	355	126	255	271	322	346	350	356	358	359	361	364	366	367	369	399	400	401	405	409
22	356	126	246	255	271	322	346	349	350	355	358	363	364	365	366	367	369	399	400	401	409	410
21	357	245	345	364	365	368	371	373	374	375	377	410	411	413	414	415	417	421	431	454	492
22	358	245	255	271	345	349	350	353	354	355	356	363	364	365	366	367	368	369	373	399	409	410
21	359	11	12	322	355	361	366	399	400	401	404	405	406	407	409	422	424	425	430	433	434
23	360	2	6	116	120	125	126	128	129	132	280	317	322	351	362	397	398	403	404	405	486	488	489
21	361	11	12	126	322	323	355	359	397	398	399	400	401	402	403	404	405	406	407	433	434
20	362	123	129	132	311	317	321	323	360	398	402	403	404	406	449	452	453	488	489	490
20	363	252	255	270	271	344	345	348	349	350	353	354	356	358	364	365	367	373	491	493
22	364	245	255	271	345	350	354	355	356	357	358	363	365	366	367	368	369	373	374	409	410	491
22	365	245	255	345	354	356	357	358	363	364	366	367	368	369	372	373	374	377	409	410	415	429
23	366	12	322	355	356	358	359	364	365	367	368	369	372	399	400	401	409	410	422	425	429	433	462
20	367	255	271	345	350	355	356	358	363	364	365	366	368	369	372	399	401	409	410	429
23	368	245	357	358	364	365	366	367	369	372	374	377	409	410	421	425	429	431	454	455	457	461	462
21	369	255	355	356	358	364	365	366	367	368	372	374	377	399	401	409	410	422	425	429	461
17	370	376	377	411	413	415	420	421	423	431	432	454	455	459	463	464	466
19	371	245	357	373	375	376	386	387	394	411	413	414	415	416	417	418	419	454	492
26	372	365	366	367	368	369	374	377	385	401	409	410	421	422	425	429	431	454	455	457	459	460	461	462	470	471
19	373	245	252	345	354	357	358	363	364	365	371	375	414	415	418	491	492	493	494
21	374	245	357	364	365	368	369	372	377	409	410	411	415	421	429	431	454	455	457	459	461
19	375	245	252	357	371	373	386	387	393	394	395	396	414	415	416	417	418	419	492
12	376	370	371	387	411	413	415	416	417	421	423	454
25	377	245	357	365	368	369	370	372	374	410	411	413	415	421	429	431	432	454	455	457	459	460	461	464	471
23	378	385	412	426	445	458	465	467	468	469	470	472	473	475	476	477	478	479	480	481	482	483	484
20	379	127	181	184	187	190	191	192	200	201	204	205	208	209	210	214	299	302	306	380
24	380	130	165	181	184	187	190	191	201	204	205	208	209	293	295	296	299	302	304	305	306	313	379	382
23	381	5	133	134	153	166	176	177	178	184	185	186	187	189	190	304	305	306	308	309	318	319	382
25	382	176	177	178	180	181	184	186	187	189	190	204	208	293	295	302	304	305	306	308	309	318	319	380	381
13	383	238	240	244	248	265	340	341	342	388	390	391	392
17	384	123	300	307	310	311	315	316	408	428	441	446	447	448	449	450	453
25	385	372	378	401	412	422	424	425	426	429	430	433	443	457	460	461	462	467	469	470	471	472	478	481	483
15	386	240	244	341	371	375	387	392	393	394	395	416	417	418	419
16	387	240	244	371	375	376	386	392	393	394	395	414	416	417	418	419
20	388	14	236	238	240	242	244	248	249	250	260	340	341	342	383	389	390	391	392	393
20	389	236	238	240	242	244	249	251	260	341	388	390	391	392	393	394	395	396	418	419
20	390	14	238	240	244	248	249	250	254	260	264	265	266	340	341	342	383	388	389	391
17	391	238	240	244	248	249	260	340	341	342	383	388	389	390	392	393	395
14	392	240	244	341	383	386	387	388	389	391	393	394	395	419
19	393	238	240	242	244	341	375	386	387	388	389	391	392	394	395	396	414	418	419
21	394	238	240	242	244	341	371	375	386	387	389	392	393	395	396	414	416	418	419	492	494
15	395	240	244	341	375	386	387	389	391	392	393	394	416	418	419
23	396	3	13	232	233	236	238	240	242	251	252	343	375	389	393	394	414	418	419	491	492	493	494
22	397	2	6	120	125	126	128	132	246	322	346	350	351	360	361	398	399	400	403	404	405	489
21	398	125	126	128	129	132	322	323	360	361	362	397	399	400	402	403	404	405	406	488	489
22	399	126	255	271	322	346	350	355	356	358	359	361	366	367	369	397	398	400	401	404	405	409
22	400	11	12	126	322	323	355	356	359	361	366	397	398	399	401	404	405	406	407	409	422	433
23	401	12	355	356	359	361	366	367	369	372	385	399	400	407	409	410	422	424	425	429	430	433	462
24	402	11	123	311	317	321	323	361	362	398	403	404	405	406	408	442	447	448	449	452	453	488	489	490
23	403	2	6	125	126	128	129	132	317	322	323	360	361	362	397	398	402	404	405	486	488	489	490
21	404	11	126	322	323	359	360	361	362	397	398	399	400	402	403	405	406	407	449	488	489
22	405	11	12	126	128	322	323	346	355	359	360	361	397	398	399	400	402	403	404	406	407	489
21	406	11	12	123	323	359	361	362	398	400	402	404	405	407	434	435	436	442	449	451	489
23	407	11	12	123	323	359	361	400	401	404	405	406	422	424	430	433	434	435	436	442	443	444	451
22	408	11	123	300	307	311	316	384	402	428	436	439	440	441	442	446	447	448	449	450	451	453
25	409	355	356	358	359	364	365	366	367	368	369	372	374	399	400	401	410	422	425	429	431	433	457	461	462
22	410	245	345	356	357	358	364	365	366	367	368	369	372	374	377	401	409	425	429	431	457	461
18	411	245	357	370	371	374	376	377	413	415	417	421	423	431	432	454	455	459
23	412	378	385	425	426	457	460	461	462	464	465	467	468	469	470	471	472	475	478	481	482	483	484
16	413	357	370	371	376	377	411	415	416	417	420	421	423	432	454	455
19	414	242	245	252	345	357	371	373	375	387	393	394	396	415	418	419	491	492	494
21	415	245	357	365	370	371	373	374	375	376	377	411	413	414	416	417	419	421	423	454	492
12	416	371	375	376	386	387	394	395	413	415	417	419
13	417	357	371	375	376	386	387	411	413	415	416	419	423
21	418	233	240	242	251	252	343	371	373	375	386	387	389	393	394	395	396	414	419	492	494
19	419	240	244	371	375	386	387	389	392	393	394	395	396	414	415	416	417	418	492
14	420	370	413	421	423	432	454	455	456	459	460	463	464	466
25	421	357	368	370	372	374	376	377	411	413	415	420	423	431	432	454	455	457	459	460	461	463	464	466	471
22	422	12	359	366	369	372	385	400	401	407	409	424	425	429	430	433	434	443	457	461	462	469
14	423	370	376	411	413	415	417	420	421	432	454	455	459	463
20	424	11	12	359	385	401	407	422	425	430	433	434	435	436	437	443	444	462	469	478
25	425	12	359	366	368	369	372	385	401	409	410	412	422	424	429	430	431	433	457	461	462	469	470	471	481
24	426	378	385	412	456	457	460	464	465	466	467	469	470	471	472	473	475	476	477	480	481	482	483	484
12	427	435	437	438	439	443	444	445	468	474	478	483
16	428	123	300	311	384	408	436	438	439	440	441	442	446	447	450	451
24	429	365	366	367	368	369	372	374	377	385	401	409	410	422	425	431	433	455	457	461	462	469	470	471
23	430	12	359	385	401	407	422	424	425	433	434	435	437	443	444	462	467	469	470	474	478	481	483
24	431	357	368	370	372	374	377	409	410	411	421	425	429	432	454	455	457	459	460	461	462	464	470	471
18	432	370	377	411	413	420	421	423	431	454	455	456	459	460	463	464	466	471
22	433	11	12	359	361	366	385	400	401	407	409	422	424	425	429	430	434	435	443	444	462	469
20	434	11	12	359	361	406	407	422	424	430	433	435	436	437	438	439	442	443	444	451
21	435	11	12	123	406	407	424	427	430	433	434	436	437	438	439	440	442	443	444	450	451
20	436	11	123	406	407	408	424	428	434	435	437	438	439	440	441	442	443	444	450	451
16	437	424	427	430	434	435	436	438	439	440	443	444	445	451	474	478
14	438	427	428	434	435	436	437	439	440	443	444	450	451	474
16	439	123	408	427	428	434	435	436	437	438	440	441	442	444	450	451
15	440	123	408	428	435	436	437	438	439	441	442	444	446	450	451
19	441	123	300	307	311	384	408	428	436	439	440	442	446	447	448	449	450	451	453
22	442	11	123	311	323	402	406	407	408	428	434	435	436	439	440	441	444	447	449	450	451	453
23	443	12	385	407	422	424	427	430	433	434	435	436	437	438	444	445	467	468	469	474	478	481	483
20	444	11	12	407	424	427	430	433	434	435	436	437	438	439	440	442	443	451	474	478
14	445	378	427	437	443	467	468	473	474	478	479	481	482	483
15	446	123	300	307	311	316	384	408	428	440	441	447	448	450	451
21	447	123	300	307	311	315	316	321	384	402	408	428	441	442	446	448	449	450	451	452	453
22	448	123	180	300	307	310	311	314	315	316	320	321	384	402	408	441	446	447	449	452	453	490
21	449	11	123	311	321	323	362	384	402	404	406	408	441	442	447	448	451	452	453	489	490
15	450	123	384	408	428	435	436	438	439	440	441	442	446	447	451
21	451	11	123	406	407	408	428	434	435	436	437	438	439	440	441	442	444	446	447	449	450
21	452	180	293	305	307	308	311	313	314	315	316	317	320	321	362	402	447	448	449	453	490
21	453	123	311	315	316	317	320	321	323	362	384	402	408	441	442	447	448	449	452	489	490
22	454	245	357	368	370	371	372	374	376	377	411	413	415	420	421	423	431	432	455	459	461	464
25	455	368	370	372	374	377	411	413	420	421	423	429	431	432	454	457	459	460	461	462	463	464	466	470	471
15	456	420	426	432	459	460	463	464	465	466	472	475	476	477	484
25	457	368	372	374	377	385	409	410	412	421	422	425	426	429	431	455	459	460	461	462	464	469	470	471	472
10	458	378	473	475	476	477	480	482	484	485
23	459	370	372	374	377	411	420	421	423	431	432	454	455	456	457	460	461	463	464	466	470	471	472
25	460	372	377	385	412	420	421	426	431	432	455	456	457	459	461	462	463	464	465	466	467	470	471	472	475
24	461	368	369	372	374	377	385	409	410	412	421	422	425	429	431	454	455	457	459	460	462	464	470	471
24	462	366	368	372	385	401	409	412	422	424	425	429	430	431	433	455	457	460	461	467	469	470	471	481
14	463	370	420	421	423	432	455	456	459	460	464	465	466	472
22	464	370	377	412	420	421	426	431	432	454	455	456	457	459	460	461	463	465	466	470	471	472
17	465	378	412	426	456	460	463	464	466	467	472	475	476	477	480	484	485
16	466	370	420	421	426	432	455	456	459	460	463	464	465	471	472	476
26	467	378	385	412	426	430	443	445	460	462	465	468	469	470	471	472	473	474	475	478	479	480	481	482	483	484
18	468	378	412	427	443	445	467	469	473	474	475	478	479	480	481	482	483	484
22	469	378	385	412	422	424	425	426	429	430	433	443	457	462	467	468	470	471	474	478	481	483
24	470	372	378	385	412	425	426	429	430	431	455	457	459	460	461	462	464	467	469	471	472	475	481	483
25	471	372	377	385	412	421	425	426	429	431	432	455	457	459	460	461	462	464	466	467	469	470	472	475	481
21	472	378	385	412	426	456	457	459	460	463	464	465	466	467	470	471	475	476	477	481	484
15	473	378	426	445	458	467	468	475	476	477	479	480	482	484	485
16	474	427	430	437	438	443	444	445	467	468	469	478	479	481	482	483
23	475	378	412	426	456	458	460	465	467	468	470	471	472	473	476	477	479	480	481	482	483	484	485
14	476	378	426	456	458	465	466	472	473	475	477	480	484	485
14	477	378	426	456	458	465	472	473	475	476	480	482	484	485
19	478	378	385	412	424	427	430	437	443	444	445	467	468	469	474	479	481	482	483
14	479	378	445	467	468	473	474	475	478	480	481	482	483	484
15	480	378	426	458	465	467	468	473	475	476	477	479	482	484	485
22	481	378	385	412	425	426	430	443	445	462	467	468	469	470	471	472	474	475	478	479	482	483
19	482	378	412	426	445	458	467	468	473	474	475	477	478	479	480	481	483	484	485
19	483	378	385	412	426	427	430	443	445	467	468	469	470	474	475	478	479	481	482
18	484	378	412	426	456	458	465	467	468	472	473	475	476	477	479	480	482	485
10	485	458	465	473	475	476	477	480	482	484
23	486	2	6	119	125	129	132	133	153	176	186	280	305	308	309	317	318	319	360	403	488	489	490
15	487	10	18	21	30	36	37	38	39	47	48	49	52	53	63
19	488	2	125	129	132	308	309	317	321	323	360	362	398	402	403	404	486	489	490
21	489	125	129	132	317	321	323	360	362	397	398	402	403	404	405	406	449	453	486	488	490
21	490	129	180	305	308	309	311	317	320	321	323	362	402	403	448	449	452	453	486	488	489
21	491	3	233	234	245	252	255	270	343	344	345	353	354	363	364	373	396	414	492	493	494
19	492	245	252	343	345	354	357	371	373	375	394	396	414	415	418	419	491	493	494
21	493	3	13	233	234	237	252	256	269	270	343	344	345	353	354	363	373	396	491	492	494
20	494	3	13	233	234	236	242	251	252	343	344	354	373	394	396	414	418	491	492	493
